%YAML:1.0
current_middle_points: !!opencv-matrix
   rows: 194
   cols: 4
   dt: d
   data: [ -2.5042306990993279e+000, 6.0501880268906960e-001,
       5.9525150823202413e+000, 1.4844795448883508e-001,
       5.4168408501778154e-001, 2.9576911159207220e-001,
       2.5195816505174422e+000, 4.2122837078798249e-002,
       7.1421563472440086e-001, 6.6848291931772297e-001,
       4.5734170504581000e+000, 5.8660749094894910e-002,
       4.6562114331029492e-001, 4.2140483397484346e-001,
       2.9029045555768214e+000, 6.1138311309994288e-002,
       4.5400607915131863e-001, 3.1548446534950680e-001,
       2.8274015145830811e+000, 2.6591803310769956e-002,
       -2.2973810159726664e+000, 5.1050336237920879e-001,
       5.4121174324771406e+000, 1.6474352709508067e-001,
       -2.4622982040404393e+000, 5.6044998702617188e-001,
       6.1943563251399638e+000, 1.8254656009350068e-001,
       -3.2561603881359211e+000, 7.1281288630552286e-001,
       7.6451716915175059e+000, 2.1536164779862238e-001,
       -7.4863289893398077e-001, 8.1390879800384619e-001,
       4.4545637022818578e+000, 4.5537159587349274e-002,
       4.2543038740518857e-001, 3.8958805444849298e-001,
       2.7428954918795245e+000, 5.8192807579997646e-002,
       -2.1788954570581334e+000, 5.3038598935625902e-001,
       5.1784235762857751e+000, 1.3681378033271627e-001,
       5.0041852044244861e-001, 2.3758762300702074e-001,
       2.5352045553034244e+000, 2.3581557070867148e-002,
       -2.8571513020907071e+000, 6.8753242844490181e-001,
       6.7950110705998803e+000, 1.6427605177568982e-001,
       -9.5374682744274986e-001, 7.7108061666358529e-001,
       4.4907947152557401e+000, 2.9928224422478323e-002,
       -2.4260840601303135e+000, 5.9861221829904865e-001,
       5.7814887622472089e+000, 1.6867972467087217e-001,
       4.0332720117593890e-001, 3.2388910031794743e-001,
       3.0569698819530347e+000, 2.1946720852364300e-002,
       5.2080255020017874e-001, 2.9365353930389715e-001,
       2.7417038449575797e+000, 2.6367549970476897e-002,
       -2.5387509805111392e+000, 4.9134285579832099e-001,
       6.4042435198478893e+000, 1.9411214344847585e-001,
       -1.7480748498813736e+000, 3.8487533282122449e-001,
       4.7951311053175569e+000, 1.5622654156924420e-001,
       -1.3207007613934791e+000, 1.0390646708637796e+000,
       4.5255425152658812e+000, 7.3626451429851747e-002,
       -8.7217835258283888e-002, 4.5915465232930053e-001,
       3.4600991070250284e+000, 2.8072459404489981e-002,
       5.2664210910055409e-001, 3.1845672103658063e-001,
       2.8140312984525035e+000, 4.5746596838979969e-002,
       -2.1581649576080912e+000, 4.9551450048717333e-001,
       5.4271670121236397e+000, 1.6802571473118205e-001,
       -2.7829284097970355e+000, 5.7196155824473927e-001,
       6.7664491921608985e+000, 2.0259486464017423e-001,
       -2.8692961244090098e-001, 6.9207294052219992e-001,
       3.8362932666339988e+000, 6.0850042697956762e-002,
       -4.3551486227508918e-001, 5.2193666758784074e-001,
       4.2515783237657523e+000, 7.0872727389796148e-003,
       6.9223453591978013e-001, 2.0760689777373867e-001,
       3.2599475403300522e+000, 1.7828853954991529e-002,
       4.4129594670297656e-001, 5.4979132974637257e-001,
       3.6069067110324422e+000, 5.3671579069970561e-002,
       -8.6226959548327473e-002, 4.1804895964729161e-001,
       3.4406570674710633e+000, 2.0554943747160808e-002,
       3.8646774095614611e-001, 3.1195401895904273e-001,
       3.0524054708753301e+000, 1.4413545532731822e-002,
       -2.2954499752138263e-001, 1.1548304638254021e+000,
       4.0619614771115327e+000, 1.5852952590651800e-001,
       -1.9888558787266697e+000, 3.9407262337033533e-001,
       5.0149280707015489e+000, 1.6940126131441227e-001,
       -2.0345595124201754e-001, 5.0167229427796889e-001,
       3.6388531115530718e+000, 2.8459588734453662e-002,
       -7.0784322985869808e-001, 2.8064880383227597e-001,
       4.9523524591164509e+000, 1.2479016980714525e-001,
       -8.8693530923650910e-001, 2.8823741784465295e-001,
       5.4127296067979715e+000, 1.5526227863737591e-001,
       -1.2173768511826714e-001, 3.8426994517746699e-001,
       4.2412310013012693e+000, 3.4391073809334649e-002,
       3.9812792534783020e-001, 3.6759767326555481e-001,
       3.0760155842572265e+000, 2.7266782776766054e-002,
       -2.3508308110394474e+000, 5.8178150686006258e-001,
       5.8980704022453567e+000, 1.4766998234997250e-001,
       -8.8879208943960425e-002, 5.1859317415917361e-001,
       3.4705358475945780e+000, 4.8399538481151826e-002,
       2.0787053282264534e-001, 3.7917274365609394e-001,
       3.2869189118622293e+000, 1.4029371502755341e-002,
       -6.1496807757449590e-001, 3.3622422282936087e-001,
       4.8459793105369720e+000, 1.0183899119157512e-001,
       -5.0232901732014101e-001, 6.5120658197594861e-001,
       4.0880382783168141e+000, 3.4066734208504243e-002,
       -1.1178732284703746e-001, 4.2275012124013034e-001,
       3.5805625024791485e+000, 1.5238312291578290e-002,
       -1.8348387812788149e+000, 3.7634693882377002e-001,
       4.9077413948724189e+000, 1.6312677114538557e-001,
       -5.9129808393903605e-001, 3.1563848206168921e-001,
       4.6324053907424290e+000, 8.4533639711759881e-002,
       -2.4867293422217718e-001, 7.8553836248013620e-001,
       3.7429083861211483e+000, 9.6134860680693560e-002,
       6.2026662454666339e-003, 4.6399045568743558e-001,
       3.4639218842066484e+000, 2.6546800703483905e-002,
       -1.8783531633803929e+000, 4.3916318126115467e-001,
       4.8814281894918938e+000, 1.5419096982128067e-001,
       -1.6374830876815225e+000, 3.6166970311178737e-001,
       4.4897253535177422e+000, 1.4843485841369097e-001,
       -4.4079061718220974e-001, 5.4904145315341291e-001,
       4.1307535820885137e+000, 1.4957332886892659e-002,
       -1.8104769724406640e+000, 3.7956531085600498e-001,
       5.2869583822996074e+000, 1.6502517667409916e-001,
       -2.2997463695274214e+000, 5.2605558128136243e-001,
       5.7846642938526625e+000, 1.7539965722336473e-001,
       3.3071144005933084e-002, 4.1323605857216777e-001,
       3.8109672816410494e+000, 6.4276127529605586e-003,
       -2.0458058186980195e-003, 4.0858178074048090e-001,
       3.7321330779510657e+000, 2.8748614843534907e-003,
       9.7369554126216773e-001, -3.8053254119858226e-001,
       -3.5941106534502918e+000, 5.0924905621457170e-002,
       8.0838025807415637e-001, 2.1486096837117319e-001,
       3.6929280288510782e+000, 3.9353201794392813e-002,
       -1.2707017272069061e+000, 4.9143498426491539e-001,
       4.7116022823275250e+000, 5.2807614900119287e-002,
       -1.8322040471526633e+000, 3.8435805264885903e-001,
       5.3517560419461851e+000, 1.6756780707751592e-001,
       -2.4563959302643172e+000, 8.7164745273564304e-001,
       7.2659236165691912e+000, 1.4644027038601146e-001,
       -2.4383727639836567e-001, 5.2714324381133570e-001,
       3.6898698125404081e+000, 2.8565843979914331e-002,
       -4.8923687486725651e+000, 9.0644219120219849e-001,
       1.1678549789336046e+001, 3.5374299160804518e-001,
       -1.7365519227387910e-001, 4.6308167213574336e-001,
       3.5987250706832361e+000, 2.0744333108111905e-002,
       -7.4388415931223084e-001, 1.2746732136733077e+000,
       4.4255416547148005e+000, 1.5804854389029763e-001,
       -2.0584816110904276e+000, 4.3336880148205736e-001,
       5.0229151189065062e+000, 1.6420202297346237e-001,
       -3.1852077307004678e-001, 4.9231187597924908e-001,
       3.9498823509670671e+000, 4.9069328539851657e-003,
       9.7066953966586667e-001, 6.0068959491609153e-001,
       5.1651381661831337e+000, 5.1243778626122588e-002,
       -2.1362495643455470e-001, 4.5654037738693287e-001,
       3.6755708321776930e+000, 1.1526984923870725e-002,
       -2.9592710325584859e+000, 6.7536615609289274e-001,
       7.2075043439704825e+000, 1.8232575399309092e-001,
       -1.3253276410678977e-001, 4.7480161116412573e-001,
       3.4978045153673269e+000, 2.6653003735061184e-002,
       -1.5129349190382206e+000, 5.2541519421851068e-001,
       4.8261112927154706e+000, 6.7061274082038422e-002,
       -1.4390350962311516e+000, 4.6110246309237141e-001,
       4.7955697856879054e+000, 8.4834508544437137e-002,
       -1.3622158603752970e+000, 6.0941317707197096e-001,
       4.8098640656499061e+000, 5.2375734662307341e-002,
       1.6016643765705280e-001, 4.5901045637006233e-001,
       3.2898787471813344e+000, 3.7562047268634782e-002,
       -8.7925246552717029e-001, 5.2041577131008987e-001,
       4.6391841671895815e+000, 4.2201871089865249e-002,
       -3.6983646279774851e-001, 5.5234550665662296e-001,
       4.0446338427986213e+000, 1.0687658176502076e-002,
       -1.9056563779259135e+000, 7.6932946654679735e-001,
       7.1259156436085451e+000, 1.3859001551550290e-001,
       1.9541105561224303e-001, 3.9506999582237412e-001,
       3.2867672459908368e+000, 2.5712366275287495e-002,
       -4.7887947406475861e-001, 5.3997006566787542e-001,
       4.0351091632088494e+000, 2.4360370175277059e-002,
       -2.4096286791652783e+000, 5.5413340062455885e-001,
       6.2666926403614314e+000, 1.8040302627197663e-001,
       -5.6004488845364953e-001, 4.2949209181450954e-001,
       4.8809884292654777e+000, 6.6648361730394567e-002,
       -7.9469945163383771e-001, 4.9624717217049347e-001,
       4.5153332190765667e+000, 3.4360620374275792e-002,
       -2.0190796820186907e-001, 7.0734665211710646e-001,
       3.6608016023563108e+000, 7.7988148143997793e-002,
       -3.1975183103732263e-001, 5.0285568668571945e-001,
       3.9802432411688207e+000, 8.7142124976373105e-003,
       -1.4839532962201565e+000, 4.4412133721747116e-001,
       5.3397466598934908e+000, 1.3519198261010212e-001,
       2.2747789024204371e-001, 3.6012919989501913e-001,
       3.2014559710466104e+000, 1.0165665282927314e-002,
       -2.3370080795495278e+000, 6.0499228863763599e-001,
       5.8410234110395116e+000, 1.3376208740308529e-001,
       -1.7828785747813818e+000, 6.9458334678914868e-001,
       6.6223280527289319e+000, 8.3012447346986720e-002,
       5.4917718529851034e-001, 1.6385823902817562e-001,
       2.4724466156348326e+000, 2.8112143701233701e-003,
       7.4983243764985075e-001, -2.6679893874605654e-001,
       -2.8359708122870098e+000, 5.6888157814165174e-002,
       -1.5424952271747978e+000, 5.4441369016647201e-001,
       4.9293964917478705e+000, 8.4814122684053597e-002,
       -8.8971146682802349e-001, 5.0310743921734224e-001,
       4.6777190728638161e+000, 3.9172071361132099e-002,
       1.4570076493873368e-001, 8.8199651190833742e-002,
       2.6057411641205031e+000, 5.6715057582655187e-002,
       8.4436869275900162e-001, 2.7260106348816249e-001,
       4.3158819990321557e+000, 2.6190751121396700e-002,
       -5.7944540055222693e-001, 2.2993594721452421e-001,
       4.0358871751024719e+000, 1.0282179609473260e-001,
       -1.3319334859684662e+000, 4.9083112976210985e-001,
       5.6777602388979815e+000, 1.0610672685965172e-001,
       -2.6937346543411006e-001, 4.9103278069238898e-001,
       3.7800330359410834e+000, 1.3599376959540251e-002,
       4.7920445309674389e-002, 5.0681733870608481e-001,
       3.6688693194625372e+000, 2.4793163683803104e-002,
       -1.8099348678222282e-001, 6.3651583231282161e-001,
       3.8857470740829410e+000, 3.5716209379773350e-002,
       -1.0692554550878706e+000, 6.0571273346119936e-001,
       4.6125708385859028e+000, 2.4440828160022028e-002,
       -2.0948180067304678e+000, 7.0039053780570959e-001,
       7.4716243131724855e+000, 1.1464409941499157e-001,
       8.3133463113988471e-001, 4.7915881253438697e-001,
       4.3632446110332985e+000, 1.8124238939991578e-002,
       1.4410147081173772e+000, 6.6686028814983711e-001,
       -2.7925110496927239e+000, 5.5848683744525973e-001,
       -1.2923766393836025e+000, 1.0055264981227874e+000,
       4.5126375679205228e+000, 8.0394272841409403e-002,
       -2.2211035054262715e-001, 5.8789980018222621e-001,
       3.6969944754360968e+000, 4.8736723261300977e-002,
       -3.0832963394169788e-001, 4.9688071857258403e-001,
       4.6457595311484141e+000, 1.9523804777169217e-002,
       -7.9135320727805292e-001, 5.0548105863536885e-001,
       4.4924004775087463e+000, 3.0911456205610213e-002,
       1.6166322517424908e-001, 3.5016624462877832e-001,
       -1.1472629383166590e+000, 3.6859939929298041e-001,
       2.5651007874872267e-001, 3.6760765791697236e-001,
       3.0029234805803431e+000, 2.9276232281511071e-002,
       -2.1130170030253401e+000, 7.1237859047072738e-001,
       7.5468525907973003e+000, 1.2685591265214713e-001,
       -7.8774468324050595e-001, 5.4555968892894280e-001,
       4.4850948466655396e+000, 2.5504905535688731e-002,
       1.1630638422635919e-001, 4.0899041492977911e-001,
       3.5488235967460131e+000, 1.3458786140575359e-002,
       9.1457955427264137e-001, -4.2115846125803005e-002,
       3.7953588567392380e+000, 4.4540843965658619e-002,
       -2.7642697929438880e+000, 6.4286786128007989e-001,
       6.7468574698948540e+000, 1.9456207658728694e-001,
       -7.5097109942196050e-001, 5.9525408509085287e-001,
       4.2701835550024123e+000, 8.6331530518644652e-003,
       -1.4842016892577865e+000, 6.7133887835975670e-001,
       6.4798139152074565e+000, 1.0072458377618933e-001,
       -1.7346618438583534e+000, 5.9579543133923640e-001,
       5.0996264596664407e+000, 6.6376798598746567e-002,
       5.2719954324406770e-001, 2.5710745341939811e-001,
       2.6677849083281364e+000, 1.0818166340403728e-002,
       -9.5411260850351653e-001, 5.3300157376779489e-001,
       4.6467201092427359e+000, 3.3532034061147811e-002,
       1.0131695370855667e+000, -2.2837255668986911e-001,
       4.0977507587833841e+000, 2.6289619739743577e-003,
       8.1494741230987555e-001, -1.6613559506338563e-001,
       3.3720989176106047e+000, 5.4537725191679688e-002,
       -3.6617434648701652e-001, 2.0142670288714659e-001,
       6.8268249481133649e+000, 1.7216489420282202e-001,
       6.3615165728637857e-001, 9.9357833926542197e-002,
       3.3576404684223524e+000, 1.0161370132447028e-001,
       -2.7369546672667922e-001, -1.2249537156723263e-001,
       3.3188413976088049e+000, 4.1157092573339932e-001,
       1.0240261845569243e+000, -5.8375475338772603e-002,
       4.2419316002904619e+000, 2.8282725541159136e-002,
       -1.0642741577388876e-001, 5.5832111218061109e-001,
       3.3460627770112126e+000, 5.5942300266787891e-002,
       -2.4214913877104531e+000, 1.3192347230506025e+000,
       6.0684279995711128e+000, 3.5675855857054906e-002,
       -1.5871585331573925e+000, 4.2980317097049858e-001,
       4.7865760799285937e+000, 1.2510183869634317e-001,
       2.8379669794294732e-001, 3.6785854526774436e-001,
       2.9189143174365273e+000, 3.8696506697915953e-002,
       -6.9545959201069940e-001, 5.4286972740328276e-001,
       4.4514155201760364e+000, 2.1116673172523630e-004,
       7.7372533994213888e-001, -2.5351234501105838e-002,
       3.2074308086199732e+000, 5.6583965640015145e-002,
       -5.1724269519035482e-001, -1.8298598207030034e-001,
       3.9136172463869157e+000, 1.8148202222577198e-001,
       7.9050220252823267e-001, 1.1641765040705040e-001,
       4.2514482968225167e+000, 9.5470567932926090e-002,
       2.5222675088937879e-001, 4.4768258264052901e-001,
       3.0626218891128336e+000, 5.7003042770362049e-002,
       -5.0582954882838216e-001, -1.7671941252335405e-001,
       3.8328696027822455e+000, 1.8286666246688929e-001,
       -2.4801837004493383e+000, 1.3513800828223723e+000,
       6.2156034043337893e+000, 3.6235763281799283e-002,
       -1.0753245971548435e+000, 2.8227616284934470e-001,
       5.3626708812014972e+000, 1.1513476057694937e-001,
       -1.3227133508391908e+000, 2.8241984312751206e-001,
       3.9909099645088868e+000, 1.2571318331501943e-001,
       -9.8084998478307417e-001, 3.9507844971001854e-001,
       4.9330676719144044e+000, 7.7529900733234361e-002,
       2.3889913231941087e-001, -1.3931415072165909e-001,
       1.7701227969146518e+000, 6.2709438860763189e-002,
       -3.0987443862518954e-001, 5.6067824154687873e-001,
       3.7368639742863219e+000, 3.5173687189279858e-002,
       -1.6598032353872112e+000, 5.2718615475623254e-001,
       4.9841151622712880e+000, 7.7928807989981877e-002,
       2.5917676293392483e-001, 3.4565145779367185e-001,
       2.3673775196187368e+000, 2.9551891893223103e-002,
       -1.8846513187879538e-001, 8.2047775501516940e-001,
       3.6669045173896588e+000, 1.1016053205198008e-001,
       -1.7594425759682546e+000, 5.1545824240456617e-001,
       6.3224526056203612e+000, 1.3876114762363592e-001,
       -1.9133114847669084e+000, 6.8537861905964803e-001,
       7.3451917184177420e+000, 1.4359169752368053e-001,
       1.6500048129918554e-001, 3.9204079761675703e-001,
       3.2780046173961974e+000, 1.7391709701787640e-002,
       8.1415640938492262e-001, 7.5594153951939330e-002,
       4.2461057707458245e+000, 8.2066563830415662e-002,
       -3.2042525668164734e-001, -2.9706271335424872e-001,
       2.2010465752804298e+000, 1.4963606171879870e-001,
       -5.2018469927290045e-001, -1.7464976346128153e-001,
       4.0452009334614267e+000, 2.2170857401766844e-001,
       -1.5501019489220385e+000, 6.1412934322523749e-001,
       4.8622124480854092e+000, 2.9906163067480361e-002,
       3.7982109135944520e-002, 3.3205883074506104e-001,
       3.8830755213008574e+000, 3.4850445511153197e-002,
       -1.7689791980537759e+000, 4.4052239678774241e-001,
       5.5125651555489821e+000, 1.7041132225133349e-001,
       -6.3727613011067974e-001, -5.0145006388449787e-001,
       2.6670987714024763e+000, 2.0683248252614056e-001,
       -5.8873609409027472e-001, -4.6365836557326590e-001,
       2.4473593227891137e+000, 1.8401845482810963e-001,
       1.2844337442607739e-001, 2.8984467240335723e-002,
       2.3281976843138379e+000, 5.4877009760742848e-002,
       -9.9492912504343223e-002, -6.4795680275066569e-001,
       3.5585017514712982e+000, 2.4660291095099368e-001,
       1.9300543632012213e-001, 4.7674353498799504e-001,
       3.1644287293778515e+000, 5.7402061252786678e-002,
       -9.3620225827342440e-001, 9.1391925197431445e-001,
       4.5314854981194319e+000, 6.6879269033075686e-002,
       -2.5922145899994913e+000, 6.6414163398853066e-001,
       6.4749698127731605e+000, 1.3488745552403153e-001,
       -8.1475742725103928e-001, -6.5159227947659071e-001,
       4.0372629607143677e+000, 4.1170884619739012e-001,
       -1.0095113370319573e+000, 1.4066591963159022e-001,
       4.4236950518001139e+000, 1.5103606192764579e-001,
       6.2465781340068460e-001, -9.3110247965760551e-001,
       4.5434940687553373e+000, 2.7788635211454665e-001,
       1.8963328309682714e-001, 1.9639675780202922e-002,
       1.8809208766500189e+000, 4.9437544794141010e-002,
       -1.7685297055716369e+000, 3.6899239142394602e-001,
       5.3416493599082333e+000, 1.5154765372523679e-001,
       2.8455995377146093e-001, 3.7271370136033877e-001,
       2.9254950927323948e+000, 3.0915200139685513e-002,
       -1.9052825954975039e-001, 8.2975336952195988e-001,
       3.7192370126885201e+000, 1.1620705386731446e-001,
       -3.0425999245272467e-001, 1.0586201314384676e+000,
       4.0330895157900999e+000, 1.7046786036808284e-001,
       -8.5119811373776466e-001, 1.2098384118871479e-001,
       4.1076318017369378e+000, 1.1950738395317911e-001,
       -1.5864953473072857e-001, 3.6545382854301783e-001,
       3.1542396426133967e+000, 1.2917030504539656e-002,
       -1.7222461833215299e+000, 5.2112622635210148e-001,
       5.0056688172982433e+000, 8.9355415975696031e-002,
       3.0303177180530982e-001, 2.6403140199428222e-002,
       1.1692632940243901e+000, 1.5296475519792957e-002,
       8.7246676009709034e-003, 1.8454958660746745e-001,
       -5.5855087632721023e-001, 2.5520486411097765e-001,
       -1.6588193187272757e+000, 3.7328807589181257e-001,
       4.8446622464922271e+000, 1.4937861063447058e-001,
       -2.6897141975522638e+000, 6.1192929931041362e-001,
       6.7739337969547595e+000, 1.9965945030970081e-001,
       7.6605849787829339e-001, -2.2566389669478357e-002,
       3.3200531941717770e+000, 4.6243112687949089e-002,
       1.4546978207029801e-001, 4.9070220293506028e-001,
       -2.3558072109347306e+000, 3.2020585028754345e-001,
       -9.3324756911419815e-001, 3.9188393947440997e-001,
       4.9331773800707506e+000, 7.9689109516842271e-002,
       -9.2004970327892233e-001, 4.3757730268206341e-002,
       4.4447006456519205e+000, 1.7771235544664288e-001,
       -3.2252804353173063e+000, 1.4036853115040313e+000,
       1.3226448623890757e+001, 1.4244974081398840e-001,
       4.2299184747527591e-001, 1.3189027985478805e-001,
       1.4170198666090112e+000, 2.2287489591968769e-003,
       -1.7727330452788594e+000, -3.1930466140648806e-001,
       4.9471057634702706e+000, 3.2859710192258168e-001,
       -1.3126892229965750e-001, 3.1748550825813848e-001,
       4.7228281447640592e+000, 6.6770989487699300e-002,
       -5.8999048655976472e-001, 8.2402876333835640e-001,
       4.2835146288246015e+000, 5.6621674974512912e-002,
       -6.1457522598930248e-001, -5.7360992779939401e-001,
       2.5769591101705895e+000, 2.3268770552378651e-001,
       -3.5051841415219043e-001, -3.9548982975362545e-001,
       4.3952146257109472e+000, 2.8093586591607711e-001,
       -8.5793290020563595e-001, 4.2974711012834832e-001,
       4.8054715038369915e+000, 7.4505216506917327e-002,
       2.1736392489584563e-001, 1.8445146537579221e-001,
       -2.4038914107334802e-001, 4.5519770974936902e-001,
       1.8911668943341893e+000, -7.1507895706164670e-001,
       -5.2725460922351877e+000, 5.7898143495510271e-002,
       8.1346624777989862e-001, 7.3800209163936814e-002,
       4.2651673140808217e+000, 7.5462633332272308e-002,
       -1.7328451940785863e+000, -3.0837031732398312e-001,
       4.8428874300174067e+000, 3.3105200575674831e-001,
       -9.3224278141938144e-001, 4.1187309831844671e-001,
       4.9723676871988687e+000, 1.1714931043976050e-001,
       -2.1538341790847781e-001, 2.2307980734122668e-001,
       4.7669744055386749e+000, 1.0435448497552992e-001,
       6.5950667766611470e-001, 8.6111471762505304e-002,
       3.0512196383702368e+000, 6.4195185982256694e-002,
       -1.7687419298646336e+000, 4.5290187898521139e-001,
       5.1059824110640912e+000, 1.4581703295118709e-001 ]
