%YAML:1.0
current_middle_points: !!opencv-matrix
   rows: 651
   cols: 4
   dt: d
   data: [ -1.8492558623765465e-001, -2.1303227400664364e-002,
       4.7925300616233907e-001, 1.8158581062579966e-006,
       9.8958449026614867e-002, 6.4742667724750860e-002,
       5.8275605104243799e-001, 7.9304786721109896e-003,
       -1.8590708249837634e-001, -7.5111940002974033e-003,
       4.7275456282294648e-001, 2.7449582228834411e-005,
       -1.8304101440327869e-001, -7.3902740586144601e-003,
       4.6560191101467457e-001, 1.2729721060399685e-004,
       -1.5360498655599208e-001, -6.6822406096302810e-003,
       4.8331591399003782e-001, 4.3298440748171832e-004,
       -1.5617965661484673e-001, 3.5965552737161496e-002,
       4.8044399273870342e-001, 9.8783323316503960e-004,
       -1.5136783067791398e-001, -6.3899997119458499e-003,
       4.7776744890263434e-001, 5.7111410925042756e-004,
       9.9654355581611009e-002, 5.2257429866194596e-002,
       5.8713956673480661e-001, 4.7886587841502711e-003,
       8.3216736353555004e-002, 3.5612322416874065e-002,
       5.8381333274532798e-001, 2.5004708931503790e-003,
       -1.6320171077934087e-001, 3.6614764540604996e-003,
       4.8112475065267624e-001, 1.3542727095318960e-003,
       -1.8505546599383332e-001, -1.3344259435651897e-002,
       4.7270052636156779e-001, 1.7149208061514550e-004,
       -1.5984458993090578e-001, 1.7566034036262355e-002,
       4.7208979919735533e-001, 7.2417470174731332e-004,
       1.0011061424772084e-001, 5.2756425062288850e-002,
       5.8948150063218652e-001, 5.3966923262449276e-003,
       -1.5603335036956353e-001, 6.6031389402607221e-002,
       4.4414459930137035e-001, 1.5195439901909595e-003,
       -1.8432384654922224e-001, -7.4440784504080093e-003,
       4.6881197851861867e-001, 8.8954361394015736e-005,
       -1.8537726524188464e-001, -2.4335792608651853e-003,
       4.6993879912464231e-001, 2.3063757392151866e-004,
       -5.2371240635588977e-002, -6.4298931030677513e-004,
       2.0313681164447953e-001, 4.0909700895792364e-002,
       9.4001377928019131e-002, 8.1832374133067057e-002,
       5.8212108612994673e-001, 8.7294078743140909e-005,
       -1.5881986481480470e-001, 1.7602358618546563e-002,
       4.6983840315996683e-001, 1.6595268898121382e-004,
       -1.4318464459377678e-001, 3.4866245979455396e-002,
       4.6335965120089539e-001, 3.6689595425473012e-003,
       -1.5181816917585528e-001, 3.0476561869565419e-002,
       4.6651314671656852e-001, 9.7402093867589301e-004,
       9.8779271869896740e-002, 6.3074913018316026e-002,
       5.8342501095280486e-001, 4.4360018349415657e-003,
       -1.9635267078168045e-001, -3.5125418153798601e-003,
       4.6998463541282187e-001, 7.1897235256064660e-004,
       -7.2845058336696134e-002, 4.2622281911253834e-002,
       2.6957759543029691e-001, 5.2913147220156338e-002,
       9.1196895008092776e-002, 6.6346152635539113e-002,
       5.8049548261117367e-001, 6.4227456907793154e-003,
       -1.4899119479751460e-001, 1.0156296686161151e-001,
       4.3655376211236552e-001, 1.0928145624418538e-002,
       -1.6417271334962497e-001, 6.3221778265406231e-002,
       4.8583377289688834e-001, 5.3546850379759189e-003,
       -1.0376046478161524e-001, 1.4648530836259702e-001,
       4.9399814059259023e-001, 2.6337408365375745e-004,
       9.4040690288554496e-002, 8.2681104833938562e-002,
       5.8161405583609627e-001, 1.7456821917221207e-003,
       9.3864889641237487e-002, 8.2470202945061646e-002,
       5.8057720537563751e-001, 1.6160961025828422e-003,
       -2.0179609758916922e-001, 6.2856436528598292e-002,
       4.7346905885588397e-001, 1.8989982128214905e-004,
       -1.4589026382382345e-001, 9.0948692995097714e-003,
       4.7013630576505855e-001, 1.9136990140262752e-003,
       -1.9547222196978975e-001, 2.4926961180424145e-002,
       4.6396117885604515e-001, 1.9061991198319575e-004,
       -1.6090001934694007e-001, 1.4997983706003153e-002,
       4.7124232116777931e-001, 6.2131393427198125e-004,
       -1.7655865520470915e-001, 1.8586824282582161e-002,
       4.2343093692062328e-001, 1.0297072681169320e-003,
       -1.6621799180948815e-001, 1.4981799871463426e-003,
       4.9422113795317213e-001, 2.1074804785105638e-003,
       -1.8591233989829509e-001, 2.2065638372638870e-002,
       4.4602134512110347e-001, 6.0149810532213654e-004,
       -1.4085030428156492e-001, -6.5078040064145398e-003,
       4.3369016899640889e-001, 5.6306572117570189e-003,
       -1.7065207511137603e-001, 9.0028479008596618e-002,
       4.9506033902072971e-001, 1.6634162936739784e-002,
       -1.6377047769294811e-001, 3.7992280899107750e-002,
       4.7553409657000811e-001, 1.5603824884043622e-003,
       4.2132882096194847e-002, 1.5940682846968032e-002,
       5.6988830130595691e-001, 3.0677002683092754e-003,
       -1.5915478340199027e-001, 1.5024309355095522e-002,
       4.6718746808515277e-001, 1.3724310561413704e-004,
       -1.5404190778039356e-001, 3.8299634684490845e-002,
       4.4032986403039848e-001, 2.4049634391944568e-003,
       -1.9907957036378007e-001, -3.5584367789121187e-003,
       4.7688749902472938e-001, 4.3949646800415284e-004,
       -4.8696126991037286e-002, -1.0291253704444725e-004,
       1.9306049373555406e-001, 4.1136369541866301e-002,
       -1.8992816259279007e-002, 1.5997903819260295e-001,
       5.2066500884974620e-001, 5.5847932833528048e-004,
       -1.5752982094039078e-001, -8.4015933016801641e-003,
       4.7573216589819090e-001, 8.5800335137917755e-005,
       -1.5826324738206501e-001, 3.6002736057035231e-002,
       4.8533980969305246e-001, 2.1541572801049404e-003,
       2.6250639399082350e-002, 2.2511036452234276e-003,
       5.6606710370261804e-001, 2.8942085548905525e-003,
       -1.5471928253547190e-001, 3.0610041654221664e-002,
       4.7378385676325435e-001, 2.4678530970100173e-004,
       -1.9657160494205145e-001, 5.8905507123947314e-003,
       4.7693068133813887e-001, 8.1346126809800497e-005,
       -1.6184265224689814e-001, 3.7826317395534347e-002,
       4.7096608314935773e-001, 7.5686784274017174e-004,
       -1.6242960713334290e-001, 6.7574749709360643e-002,
       4.6029482393714577e-001, 6.5543989118089575e-004,
       -1.5685962914463958e-001, 1.9857717207083875e-002,
       3.6951999096908489e-001, 2.3208096104212162e-003,
       -1.5157411072930266e-001, 5.1977673335166799e-002,
       4.3038579803867161e-001, 3.3584396035009436e-003,
       -1.5724389599754846e-001, 1.7641599425861403e-002,
       4.6627127049760986e-001, 6.2095205145054925e-004,
       -1.9231349793685421e-001, 5.7457873250451865e-003,
       4.6612417516881666e-001, 4.4256506847801294e-004,
       9.8812671554127596e-002, 6.3482250789356931e-002,
       5.8317866714471456e-001, 5.3075715364908861e-003,
       -1.7641132270700127e-001, -2.9065089942082241e-002,
       4.8341809785743983e-001, 6.7520570171978732e-004,
       9.1198852493274862e-002, 6.8517179214187957e-002,
       5.7814824555152911e-001, 1.1289719302683975e-002,
       -1.4899807763712208e-001, 2.6492782281627198e-003,
       4.7384997191020295e-001, 9.2931768228264903e-004,
       -1.1978145501874743e-001, 1.3768838053598931e-001,
       4.8376991233884492e-001, 6.5141019328883074e-004,
       8.5485869550431234e-002, 1.0349137907168331e-001,
       5.7252792425336274e-001, 2.1889632146187507e-003,
       -1.3916504860956508e-001, 3.5318522493183414e-003,
       4.4863552465352829e-001, 5.0522439689110856e-003,
       -1.4187312479536371e-001, 7.7247530403334139e-002,
       4.5776018613054403e-001, 4.6495791673371971e-003,
       1.7098740408730401e-001, -3.8544679322396705e-002,
       6.7344563200953234e-001, 2.3781277251067500e-002,
       -1.4316600957509890e-001, 4.4994065365657282e-002,
       3.4740236372076422e-001, 1.1565391006957029e-003,
       1.0393423510814237e-001, 5.2108641510790733e-002,
       5.9052589190307891e-001, 7.2876567817470117e-003,
       1.7198523671226779e-001, -6.3405216748332049e-002,
       6.7771563625580189e-001, 2.3381594632063588e-002,
       6.1580533605729959e-001, -2.0586654249890340e-001,
       -1.4813040986816692e+000, 1.1031579907915640e-002,
       -1.9757712015270018e-001, 5.9219681119999507e-003,
       4.7940510206640718e-001, 5.5185333157139830e-005,
       -1.6145520226538662e-001, 9.4263198930215786e-002,
       4.5354740992689024e-001, 7.6196773385273238e-004,
       9.7316253760103430e-002, -1.5142808028332242e-002,
       5.9990270938810586e-001, 2.3792743735546172e-003,
       1.7020151972612385e-001, -7.2111331796216954e-002,
       6.7828184428255911e-001, 2.6342485049423710e-002,
       -1.5478129971848248e-001, 7.4368031247799282e-002,
       4.6508962521310049e-001, 3.6570289808459002e-004,
       3.8643141947899459e-002, 4.7170482241508001e-002,
       5.6299773799097097e-001, 2.9402072373762651e-003,
       -1.9768851402649704e-001, -7.6596899969736242e-003,
       4.7925132088711653e-001, 7.5621914542009668e-005,
       3.3665969120964312e-001, -8.5677970735064155e-002,
       -8.1204600121707460e-001, 1.7101749059577259e-002,
       -4.0074535901313144e-002, -8.3235563267221813e-002,
       5.5367470840127342e-001, 1.8126733582734095e-003,
       -1.9518343529626803e-001, -9.1867014007251183e-003,
       4.7826774175950482e-001, 3.2401471055855803e-004,
       -1.4279926489561573e-001, 9.3759401259969309e-003,
       4.6252752924502605e-001, 3.5221702472905091e-003,
       -1.6144051226496631e-001, 9.3640141310546113e-002,
       4.5360240597062967e-001, 2.0041844330652963e-003,
       -1.9486036350127287e-001, 2.4046630800010415e-002,
       4.6780973462268760e-001, 4.0867330221671571e-004,
       8.3787900084711875e-002, 1.8484074179616155e-002,
       5.8682513059739172e-001, 2.7307274494101151e-003,
       -1.6119849015063442e-001, 9.2843975133371559e-002,
       4.5294212900204978e-001, 3.2941970970175125e-003,
       -1.9243246642002190e-001, 4.5616702211966613e-002,
       4.5561575623063449e-001, 4.5832551437677960e-004,
       -1.6543957563013095e-001, 3.8193886531957599e-002,
       4.7968925058320067e-001, 2.1000205950872839e-003,
       9.3822203269516000e-002, 2.4931574189571978e-002,
       5.8957502059657318e-001, 1.8949690426397410e-003,
       -1.5526031503731061e-001, 1.6441167160986373e-002,
       4.7957197886044012e-001, 1.0617000071311172e-003,
       1.7296115622110686e-001, -7.5875965907725551e-002,
       6.7947994897689368e-001, 2.5543650468034293e-002,
       -8.7550927192720396e-002, 3.8212102706261117e-002,
       3.0797632765884242e-001, 3.8370473719674357e-002,
       9.8591037043549296e-002, 6.5118852174122194e-002,
       5.7994670631318945e-001, 9.2747275259840636e-003,
       -1.6922583606802949e-001, 2.5570230822080195e-002,
       4.0041850218395419e-001, 2.0197130522516616e-003,
       -9.4561785321967490e-002, 7.4584001175687656e-002,
       2.9153018009387560e-001, 1.0029326036657879e-001,
       -1.5628511268895395e-001, -1.2763716021863328e-002,
       4.9061585892353288e-001, 1.5539958649112126e-003,
       9.6230285457428399e-002, 8.3356610647819920e-002,
       5.7436824195760283e-001, 3.0256264092559715e-002,
       -1.1529079228874529e-001, -1.2277086031635551e-002,
       3.5950414749351478e-001, 2.4722059334361793e-002,
       -1.7896519381125001e-001, 2.3161294920151794e-002,
       5.3410608460512932e-001, 9.8250797541884188e-003,
       -1.2460742182927584e-001, 8.5161898327955399e-002,
       3.6172406882845776e-001, 2.4295787374340804e-002,
       -1.1809658070437096e-001, 1.3601947961588950e-001,
       4.7574296057370613e-001, 1.9306169868955380e-003,
       -1.2113129412091952e-001, 1.3568718652383899e-001,
       4.7472707019049798e-001, 2.0461280087584141e-003,
       -2.4632201785814486e-001, 8.1759942776820457e-002,
       5.9455105700882782e-001, 2.9272200194641433e-003,
       -1.5576339572525555e-001, 1.1275767649093801e-001,
       4.3257174051732283e-001, 2.8511506677735731e-004,
       -1.1700126306250923e-001, -1.2629164820276555e-002,
       3.6333087106127271e-001, 2.3981654248462481e-002,
       -1.5152137172079333e-001, 2.0065748043594331e-002,
       4.6853395811599818e-001, 1.3330844576091201e-003,
       -2.2188196786284681e-001, 8.4304674835537802e-002,
       5.3138687550580332e-001, 9.4024063429340270e-004,
       -1.8795834958460356e-001, 2.2310869829915619e-002,
       4.5096759310016826e-001, 5.7912525137650836e-004,
       9.1124223443270536e-002, 7.4161937712623166e-002,
       5.7295532866187060e-001, 2.3693386593656610e-002,
       -1.4442205531451985e-001, 3.5336240341452607e-002,
       4.5088790508163401e-001, 4.2993668457151097e-003,
       -2.0307234299049015e-001, 3.8385717114978020e-002,
       4.7474920921402308e-001, 4.3780150952321082e-004,
       -1.1327484356809572e-001, 1.4538987626179892e-001,
       4.9228411142714545e-001, 4.4636791827359673e-004,
       -9.9120999694780887e-002, 6.1133686473878509e-003,
       3.2410570058793331e-001, 2.0008622987127536e-002,
       -1.9281649404233592e-001, 8.7818631853949392e-002,
       4.4410056058208436e-001, 9.8922952798606838e-004,
       -1.4263760192465869e-001, 7.0012925095234851e-002,
       4.7683362340839702e-001, 1.5522393773074125e-003,
       9.6982866801964565e-002, 4.1598103671464340e-002,
       5.8680222162062678e-001, 1.6949090669429474e-002,
       -1.6437869371267588e-001, 1.0498832694213663e-001,
       4.7467067542265273e-001, 2.1955221000235062e-002,
       -1.5194772368695031e-001, 2.8468851321615085e-002,
       3.5029439143192376e-001, 4.2080502447749820e-003,
       -1.2406243218385622e-001, 1.3563464021071692e-001,
       4.7350418092461327e-001, 1.7549732969755563e-003,
       -1.3767510804876137e-001, 1.3511774890381595e-001,
       4.7701299817866172e-001, 1.4011694375213636e-004,
       -4.4947861379568948e-003, -9.5425922359397730e-002,
       5.7132908125164272e-001, 1.9092042845385644e-003,
       -1.4072316596752615e-001, 1.0758913990623473e-001,
       4.7983133224872909e-001, 1.9978611447660092e-003,
       1.5354071323449212e-001, -9.9464154668432682e-004,
       -3.9275915489710822e-001, 1.2933633099547839e-002,
       5.3809452366636611e-002, 5.4013598058728449e-002,
       5.6750542762188272e-001, 3.2326462685873668e-003,
       -1.5159151554401562e-001, 8.7393681967497250e-002,
       4.1900567540481182e-001, 4.3281964883819100e-002,
       -1.7384553823834159e-001, 1.2531532017189195e-001,
       4.9133109833395472e-001, 1.1552673828437313e-002,
       -1.9669304755662079e-001, -9.2546549460553532e-003,
       4.8222142045965399e-001, 1.3371517703543066e-004,
       7.6995897984451014e-002, 2.4619294788792899e-002,
       5.8236541360576699e-001, 2.7562043441064529e-003,
       -1.4197587815287571e-001, 8.1903676070991430e-002,
       3.9621659777634566e-001, 3.9632326418575607e-002,
       -1.4075391289603978e-001, 1.0504400778833059e-001,
       4.7545248925569411e-001, 1.5443090974455818e-003,
       -6.5791931267408621e-002, 4.9607312593563102e-002,
       2.4955083231536151e-001, 6.8401283619319339e-002,
       2.1370209838153897e-001, -4.2531485654517240e-002,
       -5.1737257191953723e-001, 1.1537841662676294e-002,
       -1.8656371645422712e-001, 1.8702231066424997e-002,
       4.6474740411170101e-001, 1.1341971805875210e-003,
       -2.4548507821758123e-001, 1.4972176838822404e-001,
       6.4591617120697453e-001, 3.9964609652366818e-002,
       -2.0517831695988475e-001, 6.7685481651634904e-002,
       4.7993463194211361e-001, 8.9297761241747368e-006,
       -2.2538243431195504e-001, 8.5595702186842482e-002,
       5.3958772509371755e-001, 8.1138935285818249e-004,
       -1.1019268896074838e-001, 9.2568307572967870e-002,
       4.9161589896806290e-001, 1.6643646414532030e-003,
       -2.3850141126206398e-003, 1.1024427666061482e-001,
       5.3874039730983170e-001, 1.9130957153158435e-003,
       -1.0335217116576181e-001, 6.9552659662007466e-002,
       4.9847526969307043e-001, 1.5978448625363437e-003,
       3.7954441813019102e-002, 6.3279151503767830e-003,
       5.6953664707210705e-001, 3.0657757506879491e-003,
       2.0928879558391945e-002, -8.5190861853910615e-002,
       5.8029286454391793e-001, 2.9245896858436241e-003,
       -2.1362112429893804e-001, 3.7541559678081586e-002,
       5.1211261264737495e-001, 9.6518837492697371e-005,
       -1.1623414626316989e-001, 1.4422618044939819e-001,
       4.9098027179769199e-001, 7.8039861560603465e-004,
       1.7528421647416847e-001, -6.3015595165636651e-002,
       6.7187634464309709e-001, 5.0690450260063233e-002,
       -7.9087195252946707e-001, 3.0091850402997572e-001,
       1.8876900115990152e+000, 1.1649839632092995e-002,
       -2.0116326724834968e-001, 3.8017406822193692e-002,
       4.7016929790229001e-001, 5.2547886241498005e-004,
       -1.8435261844610290e-001, 4.4945958300020971e-003,
       4.6920199427183384e-001, 1.6698673053494928e-004,
       -2.5241426205992712e-001, 9.5721189748177643e-002,
       6.0363012472047672e-001, 3.7879427255660533e-004,
       9.6506899636057256e-002, 6.5148068503413040e-003,
       5.9435857082261800e-001, 2.4251276484886924e-003,
       -1.5654980970635007e-001, -3.3371930858611364e-003,
       4.8191724453957396e-001, 4.3546584653797194e-004,
       1.7242508519259142e-001, -6.2976504888313162e-002,
       6.7867383733528852e-001, 2.4522578041523125e-002,
       9.1214418107838591e-002, 7.7598705818523434e-002,
       5.7167391746723117e-001, 3.0809043006590750e-002,
       5.1763994039133079e-002, 1.5315510947810813e-002,
       5.7510648396153885e-001, 2.6137036010225869e-003,
       -2.0020743492989601e-001, 1.2504300909474264e-001,
       5.4062269639135763e-001, 2.7190364447830049e-002,
       -1.3586447388303760e-001, 3.9661115695532748e-003,
       4.4078665073147610e-001, 6.8911122500596948e-003,
       -1.5342291593773419e-001, 1.6091671953090372e-002,
       3.6686793457673439e-001, 1.7230315430292610e-003,
       6.0412288135379535e-002, 9.4360767652214614e-002,
       5.6244049747614788e-001, 2.0658223369856999e-003,
       -1.2721837517027840e-001, 1.4448933582545237e-001,
       4.8658113965233674e-001, 6.9431709883061000e-004,
       1.6166466919280834e-001, -2.4217399776231913e-002,
       6.6689888396912600e-001, 2.1472015661417949e-002,
       -1.4980534961431813e-001, 2.8058139042297713e-002,
       3.4513625190175418e-001, 4.3212748719501674e-003,
       -1.3469418782058760e-002, 1.5292812700497704e-001,
       5.2431619155561138e-001, 6.1789590537190953e-004,
       -2.1469266322781921e-001, 7.1602495497473106e-002,
       5.2020671206816782e-001, 1.0152148439249340e-003,
       9.1283425178689870e-002, 7.3650523871299167e-002,
       5.7439102811343379e-001, 2.2363013301446001e-002,
       -1.1670107340894964e-001, 1.3783685944142526e-001,
       4.8442197671136422e-001, 7.1750836416310001e-004,
       -1.5019278358274851e-002, 7.2407740626461731e-003,
       1.1152742781927338e-001, 5.2216864142230132e-002,
       -1.0876895192373590e-001, 7.5894677042977379e-002,
       3.2757574269288658e-001, 8.4957414174179624e-002,
       -1.3906398535293601e-001, 1.4008415765308405e-001,
       4.7585366439177657e-001, 9.8521716350295137e-005,
       -3.1726806506986982e-001, 1.2065884622475401e-001,
       7.5946980707996259e-001, 3.0105934696890778e-003,
       1.6305430470791915e-001, -2.6851732156949065e-002,
       -3.9650899645777005e-001, 6.3627638778235721e-003,
       9.0728087782412481e-002, 4.9031981374915566e-002,
       5.8451148304409584e-001, 3.7258393817218203e-003,
       -1.8170961668565877e-001, 6.9286193325216766e-002,
       4.3629502236058521e-001, 1.6524200288025620e-003,
       -1.1065484222560687e-001, 1.3819780195635301e-001,
       4.6174364472881668e-001, 4.6880754342306010e-003,
       9.1136669970463574e-002, 7.3508535374661094e-002,
       5.7347853804136095e-001, 2.2277869942411363e-002,
       -1.2265878903560790e-001, 1.4044166041162226e-001,
       4.7402387632070242e-001, 2.1306685867025460e-003,
       -1.3149840433078896e-001, 1.3936785070429741e-001,
       4.7026551396261995e-001, 2.1141403073932832e-003,
       3.9599969708956698e-002, -9.7275786527875663e-002,
       5.8910460560380518e-001, 3.1964790533173769e-003,
       1.8244650184243864e-002, 1.5158932347595570e-002,
       3.0702411554079274e-002, 6.3717705549259429e-002,
       -2.1210778532852148e-001, 1.0610757112228267e-001,
       4.8647411125112339e-001, 1.0089215281697335e-005,
       -1.5169882756332204e-001, 9.5048115211969653e-002,
       4.5818201039764334e-001, 8.3204738392313043e-003,
       4.5757261114088330e-002, -3.1189508118831075e-002,
       5.7970281349869690e-001, 3.0349980186197014e-003,
       -2.7892096399310717e-001, 1.0563036878269486e-001,
       6.6630666960613549e-001, 1.3909071341711320e-004,
       8.4438795582796614e-002, 8.9154753989950000e-002,
       5.7565568246956922e-001, 2.8727414267962995e-003,
       -1.5503743863666364e-001, 5.2738049870842116e-002,
       4.3051768739813978e-001, 2.5435535382926479e-003,
       -1.2575741083780850e-001, 1.4349872098717786e-001,
       4.8906019859800731e-001, 8.0393055078516629e-004,
       6.5176717349771679e-002, 2.0256752645260445e-002,
       5.7851832084877930e-001, 2.8384143651444620e-003,
       -1.4670602568421889e-001, -2.1822017441948116e-002,
       4.3937185730724737e-001, 2.7635573734229646e-002,
       -7.2785797442951550e-002, -3.0465900653118366e-002,
       5.2294180156849834e-001, 2.7769832286643277e-003,
       6.7056247182061296e-002, 1.8715320139043388e-002,
       5.7973623850907519e-001, 3.3110809657756969e-003,
       -1.1917841301694579e-001, 1.4400920078275969e-001,
       4.9009696465532904e-001, 9.6048593118213863e-004,
       3.1921835020672681e-002, 1.2151141049025663e-001,
       5.4999145058668342e-001, 2.0769477420577000e-003,
       1.7443953979234667e-001, -5.6532459301092852e-002,
       6.7677950918278240e-001, 2.2816616955274947e-002,
       1.0016046339368179e-001, -1.9544448665995168e-002,
       -2.3964536598500216e-001, 7.5446996991723391e-003,
       -1.8613430210261056e-001, 5.4546691791339252e-003,
       4.6882369335883167e-001, 3.6470038474896075e-004,
       -1.9034398364104027e-001, 2.4286591527272198e-002,
       4.5202169084617261e-001, 4.9900413142751657e-006,
       1.7102117867732275e-001, -5.3942819188154412e-002,
       6.7352043496657643e-001, 3.4406498744959810e-002,
       1.6376845944081170e-001, -6.1644236458815935e-002,
       6.7386098235936531e-001, 2.4298567608911685e-002,
       -1.4414720066557202e-001, 1.1944049618518887e-001,
       4.8019466908008812e-001, 6.5352837789388780e-003,
       -2.7544592139201618e-001, 1.0436779488268325e-001,
       6.5827590630577137e-001, 7.4302539631529872e-005,
       -1.9832212672224098e-001, 5.2335738116529820e-002,
       4.6082838789649716e-001, 6.1935158146238342e-004,
       1.6334045797545199e-001, -1.7484738340916139e-002,
       6.6644998952255952e-001, 2.1043437681843132e-002,
       9.0406676801835423e-002, -1.7612295017199485e-002,
       -2.1603910452081482e-001, 7.0086482624343409e-003,
       -1.1340418205149366e-001, 1.4114777049376234e-001,
       4.7655053618847554e-001, 1.6820538419991073e-003,
       9.1210883249734698e-002, 7.8653653078379876e-002,
       5.7120218132799261e-001, 3.3006961297074748e-002,
       9.5614549320571285e-002, -1.1758596436410938e-002,
       5.9867210315673502e-001, 1.4562263428008280e-003,
       -1.3816629473193606e-001, 1.4244982712780579e-001,
       4.8558109842868369e-001, 1.3565537874739718e-003,
       -1.4219959577723648e-001, 1.4003436012233522e-001,
       4.7519329991372827e-001, 3.3857180021684523e-006,
       -1.9772534210826367e-001, 5.3192748980162019e-003,
       4.7563538530709482e-001, 6.1790997384834698e-006,
       -1.0210411370476159e-002, 4.2621431206946475e-002,
       5.4138204366075149e-001, 5.0174988137695487e-003,
       -1.0330829665873976e-001, 1.1983343683203712e-001,
       4.9699272417517437e-001, 6.0863957981415904e-004,
       2.0426809396703046e-002, 4.9652001895454753e-002,
       5.5475416261279875e-001, 2.4222788655981313e-003,
       2.2917107703048275e-002, 7.2932561377847174e-003,
       5.6355420794860234e-001, 3.0404924166545001e-003,
       -1.1649125741681111e-001, 4.9915901248912049e-002,
       4.9684097313649367e-001, 5.9175248795640290e-004,
       1.7638426895623463e-002, -7.0660053061816872e-002,
       5.7561272135181774e-001, 1.7934163598619993e-003,
       1.5022006789526010e-001, -1.6298684794371993e-002,
       -3.8203963923962048e-001, 1.5856704816763063e-002,
       -1.7255380480779869e-001, 2.3513278830083528e-002,
       4.2968544825310584e-001, 1.4069341947687013e-004,
       1.4008912633204654e-002, 2.2252152843188051e-002,
       5.5668640006857051e-001, 2.8943116811969718e-003,
       -1.1721667107670150e-001, 2.8300516460830070e-002,
       4.9962041846423294e-001, 6.5075074604907816e-004,
       2.3623444239312208e-001, -1.0995605072622150e-001,
       6.9765197986487926e-001, 5.1950505308982813e-002,
       5.3218083626309601e-002, 3.2503999051247349e-003,
       5.7712694813969079e-001, 1.7785719373834561e-003,
       -9.1008508868688012e-002, 4.3105710058239682e-002,
       2.7422729527676359e-001, 2.5902699907078646e-002,
       -1.8686642381051322e-001, 2.5425019742965224e-002,
       4.6495656418854492e-001, 1.2636396817202643e-004,
       -6.8790071877495640e-002, 8.9776216163143602e-002,
       5.0973267869932748e-001, 1.6737650557447268e-003,
       -1.8729572738322953e-001, 6.1659547412538901e-002,
       4.3694205666865027e-001, 9.2296787997277218e-004,
       2.0561835469455184e-002, 6.2131899216329889e-002,
       5.5200655971499102e-001, 2.0418813550552133e-003,
       2.1752816150907306e-001, -2.7352686108051839e-002,
       -5.4523183374972772e-001, 1.7247647579698711e-002,
       -2.5503547799448101e-001, 9.7021851449898958e-002,
       6.1131986059013754e-001, 1.5032441194711135e-003,
       3.1512679134023266e-002, 1.0806003881171101e-002,
       5.6631596607329615e-001, 2.8862134523994108e-003,
       8.1774392419349945e-002, -3.7039014968185411e-004,
       5.8894252115289170e-001, 3.1656794938904899e-003,
       -1.7148764004027733e-001, 2.8102899039566705e-002,
       4.1213278136719400e-001, 1.2460374793707232e-003,
       -1.7755765351152725e-001, 8.3763485267153728e-002,
       4.2391942965384311e-001, 9.4616573600618291e-006,
       -3.0949684360955898e-001, 1.7430453193375123e-001,
       7.2468735889464297e-001, 3.7241755997397784e-003,
       -1.9065669454108200e-001, 4.0303837530391837e-002,
       4.7398025708812452e-001, 6.1417955262798012e-004,
       -1.2518708255511191e-001, 1.3947973735616542e-001,
       4.7160953066570327e-001, 1.5451528123373969e-003,
       2.3344209047597802e-002, 7.3135412976524788e-002,
       5.5096764576876500e-001, 2.4609180051478846e-003,
       -1.8914858069944127e-001, 5.1061195046308225e-002,
       4.6742381799570032e-001, 4.4439522438100340e-004,
       -1.8391911912203976e-001, 1.8523612720924634e-002,
       4.5915920051705933e-001, 3.6819073881698389e-004,
       -7.9712799360480202e-002, -5.8481677607455991e-002,
       5.3219695625766317e-001, 2.4557974094792760e-003,
       -1.6338292322427433e-001, 9.5754063688645863e-002,
       3.7300037905500349e-001, 1.7036038903251471e-003,
       -1.9040674394728102e-001, 1.1180120028768507e-002,
       4.6209404033551094e-001, 2.1737485447947420e-003,
       -1.3843367262439135e-001, 9.0471560740712498e-002,
       4.8000203830530902e-001, 1.3995419683404103e-003,
       -2.8668363879848002e-001, 1.6901631622060931e-001,
       6.5779464724266301e-001, 2.9479646252847868e-004,
       -1.3487663977657915e-001, 1.3554364519461393e-001,
       4.7805851807706345e-001, 3.5806495403886121e-004,
       2.6236928565658076e-002, 1.2259374692617717e-001,
       5.4722593354533222e-001, 1.6510999049618919e-003,
       -2.5376006950521224e-001, 1.4544549451588329e-001,
       6.6795410738057992e-001, 5.2422953067666929e-002,
       -1.3918507446808664e-001, -5.3252580429830443e-002,
       5.0559673727759558e-001, 7.3702641897898172e-004,
       -1.3210946971307613e-001, 1.3687505826136209e-001,
       4.8012749701769730e-001, 3.9897141417737607e-004,
       -1.9980107444957804e-001, 1.2579394821235548e-001,
       5.7523682243048824e-001, 1.7688523128962314e-002,
       -6.9030210677065856e-002, 1.0791698990565501e-001,
       5.0508764872622192e-001, 1.6010926579751404e-003,
       -2.3350479027516616e-001, 7.9077537168775164e-002,
       6.5335250669653344e-001, 3.4139917696957255e-002,
       5.4328153633400533e-001, -6.6323424239339429e-002,
       -1.3465512605624410e+000, 3.1769369898560731e-002,
       2.6495369054306071e-002, -1.5912321788547370e-002,
       5.6901563979790992e-001, 3.8010212627999258e-003,
       -4.9715364363002015e-002, -7.2140288075811770e-002,
       5.4712583730893760e-001, 1.5229068582077374e-003,
       -1.4445918684501086e-001, 9.9428482811969879e-002,
       4.7291653666838335e-001, 1.5430345289356971e-002,
       -2.4384109247527930e-001, 1.7375338670631796e-001,
       7.0032218241178557e-001, 4.8758665091680198e-003,
       -1.8732839810147506e-001, 1.3526643797011889e-001,
       5.2157106464937042e-001, 1.8693271361496049e-002,
       3.8377333841802336e-002, -7.2900760470521062e-002,
       5.8477217326305486e-001, 1.5909742285022451e-003,
       -6.9827287035020835e-002, -5.8284433119316970e-002,
       5.3637471078770460e-001, 2.4442158332211288e-003,
       -1.2832784411268489e-001, 7.0056597975744803e-002,
       4.8991475798408923e-001, 1.8233758778973905e-003,
       8.3075062573575020e-001, -1.5943910523670263e-001,
       -2.0191283387343981e+000, 4.5244782056410610e-002,
       1.7548700001727160e-001, -6.7445404002743931e-002,
       6.7753661202692761e-001, 4.2940801671099642e-002,
       -1.4110783911295680e-001, 6.8289961036101035e-003,
       4.6715693638350120e-001, 3.2200391446324866e-003,
       2.4822488092066809e-002, 4.8907341801666913e-002,
       5.5641431603510538e-001, 2.8320167174629303e-003,
       2.1086228530265028e-001, -1.3403042728778147e-001,
       7.1116652069658648e-001, 3.7160434000459173e-002,
       6.8305433228235388e-002, -2.3072507851220399e-002,
       5.8837168884205016e-001, 3.2935773141059494e-003,
       -8.8532893105815719e-002, -5.8792655654338666e-002,
       5.2918960484766164e-001, 2.3582327714547643e-003,
       -2.2894623453190907e-001, 8.7284641914988026e-002,
       5.4961241384862869e-001, 2.0062920208764501e-003,
       3.0207862005221811e-002, 1.6142369631595649e-001,
       5.4471891805593575e-001, 6.2561619322194740e-004,
       -6.5888059750103395e-002, -6.3616510792373460e-002,
       5.4078055283482596e-001, 4.1948845189242112e-003,
       5.9915176409760740e-002, -2.3176435475027922e-002,
       5.8531853459100724e-001, 3.1392563120695317e-003,
       -1.3746508156244513e-001, 9.1681249617368399e-002,
       4.7691278120313974e-001, 4.9278885351445346e-003,
       -7.7052309408242453e-002, 9.8512820544474189e-002,
       5.0446432059767576e-001, 1.7605494942958958e-003,
       4.4250932137866966e-001, -1.3009789343792505e-001,
       -1.0557180555954997e+000, 3.0625486912010440e-002,
       -1.4246111847134046e-001, -1.6944890450428091e-002,
       4.9286872757574862e-001, 5.6965477557161773e-004,
       6.8066994860351704e-001, -6.9731528658626696e-002,
       -1.6880339005890765e+000, 3.9598534486903744e-002,
       2.5597272062684556e-002, 3.7564684506498039e-002,
       5.5876027452631005e-001, 2.9922385812203157e-003,
       2.6355038673321864e-002, 1.5235700802524949e-001,
       5.4429924369417293e-001, 8.8395612707106578e-004,
       3.2388621583974563e-002, -1.8627431506605389e-002,
       5.7210865915017695e-001, 3.7390244036991944e-003,
       2.0841293725008125e-001, -1.3178911694869039e-001,
       7.1010877140639195e-001, 3.6711661146031555e-002,
       -2.2171504073620307e-001, 1.4096052348692645e-001,
       6.0315110788294835e-001, 4.4239092284782518e-002,
       4.4231241007410063e-002, 9.2931073732650304e-002,
       5.5521431961515400e-001, 1.8000525743029168e-003,
       9.2670592300925281e-002, 4.0120346500372141e-002,
       5.8636604222085964e-001, 3.0800578453503663e-003,
       -1.4199737368690135e-001, -5.3213451529686484e-002,
       5.0448521481625375e-001, 3.0821996958117911e-004,
       1.6142225169438057e-001, -4.8942924517497419e-002,
       6.7138997421670488e-001, 2.4163991542925103e-002,
       -2.4117020936216932e-001, 7.1225401004284219e-002,
       5.8530598291420310e-001, 1.4592822762336535e-003,
       1.9501020643028322e-001, -1.1838554181636232e-001,
       7.0078628219172678e-001, 3.3113751732005696e-002,
       -2.8274443685436695e-001, 8.3369577781428644e-002,
       6.8529907295200665e-001, 2.4026448805602521e-003,
       -2.1547488516570157e-001, 6.3671412922444853e-002,
       5.2317041283272681e-001, 1.1311242587005021e-003,
       1.6118349390468445e-001, -4.8796726649822202e-002,
       6.7029393553571415e-001, 2.4266035080050326e-002,
       2.7459267095634975e-002, 1.6277736745300597e-001,
       5.4314530395771354e-001, 7.1510318765363712e-004,
       -7.9716594672499516e-002, 7.6372687343666826e-002,
       5.0789304424913584e-001, 1.8913244561321459e-003,
       -2.5001235373505923e-003, 1.5680080505898292e-001,
       5.2841599441311704e-001, 8.6625700218600230e-004,
       1.9761903485062769e-002, 1.0818536376911989e-001,
       5.4585753764024725e-001, 1.9250457487790576e-003,
       1.0951213862706025e-001, 8.8091356558985909e-002,
       6.5735335940033912e-001, 2.0089971303637447e-002,
       1.5143694167631470e-002, -6.5341421522312010e-002,
       5.7361478331433868e-001, 2.6990581268474720e-003,
       2.1450012563634713e-002, 3.0330255593402862e-002,
       5.5903961811029435e-001, 2.4870538310337075e-003,
       -2.6497744667372697e-001, 1.6076251202604203e-001,
       6.9170551728859309e-001, 4.2915243251624227e-002,
       1.9187893059792488e-001, -1.1498886602847924e-001,
       6.9740891933000204e-001, 3.2992120014530453e-002,
       2.0186341268895413e-002, 9.2838203869892028e-002,
       5.4590030458447658e-001, 2.6025905588796575e-003,
       5.4172733483409091e-002, 3.2190878534316597e-002,
       5.7197476152657289e-001, 2.5550431824655022e-003,
       3.6170313125235831e-002, 3.7901672614448753e-002,
       5.6281020088522737e-001, 2.9104613368698511e-003,
       1.0675473601210667e-001, -1.7035343123218478e-002,
       -2.7180220555807766e-001, 1.2338972401568674e-002,
       -1.3661891384517175e-001, 7.2941290279746385e-002,
       4.6249494409079894e-001, 1.2136312212352944e-002,
       -1.2495701229920888e-002, -8.4341287962296757e-002,
       5.6553311657850847e-001, 2.4711654589197464e-003,
       6.3271063495425800e-002, 4.0368450892466060e-002,
       5.7364677719807622e-001, 2.6601945883931851e-003,
       -9.7087468358247692e-002, 1.5310742276255296e-001,
       4.9576689150409370e-001, 7.6004824501582928e-004,
       -1.6337801834274979e-001, 1.3209298404394038e-001,
       5.0675449433656039e-001, 4.7205929903815530e-002,
       2.4246554730950765e-002, 1.3772001137738682e-001,
       5.4431401479363373e-001, 1.6850189871731069e-003,
       1.0677632834647323e-002, 1.6392252901741886e-001,
       5.3500313403308319e-001, 5.1560604370505200e-004,
       -1.8022626963167199e-001, 2.7074584768640747e-002,
       4.2335786847421908e-001, 4.5425636808824653e-003,
       1.4196517415873345e-002, 2.2794541924183467e-002,
       5.5611378731834460e-001, 4.0907440852680083e-003,
       1.6142221421396909e-004, -2.5024189292716319e-002,
       5.5997335755394495e-001, 3.2243075718737441e-003,
       -5.1942935589501485e-002, -8.6872127426748907e-002,
       5.4922466122974933e-001, 2.1836397859675344e-003,
       3.6910747175102149e-002, 1.4904355428034052e-001,
       5.4972489383849121e-001, 1.2499449301177671e-003,
       -1.7250830830323874e-001, 7.2002458396397781e-002,
       4.1351964683478848e-001, 1.1289383107612346e-003,
       1.8682206674768145e-001, -1.0973872660684086e-001,
       6.9535182073072921e-001, 3.0549940247407516e-002,
       1.9274726265235492e-001, -1.8679361822874530e-001,
       7.0665009948891178e-001, 3.6377889275255849e-002,
       4.2332876024787025e-002, 1.6124827338747297e-001,
       5.5076549999026558e-001, 7.3132180328753615e-004,
       9.4306255482413420e-002, -5.7610739367189908e-003,
       5.9452225625509469e-001, 5.5331831036752139e-003,
       1.7586536816677364e-002, 1.5320269952952484e-001,
       5.4058433944934947e-001, 6.0182963736303660e-004,
       -1.1696195929700334e-001, 9.2638571865870045e-002,
       4.8845842934066802e-001, 1.3652719623848217e-003,
       -1.2444229003120207e-001, 1.4176089559181970e-001,
       4.7288965607103139e-001, 2.2332608304719928e-003,
       -1.4460194908750590e-001, -5.2838174129561544e-002,
       5.0316508500262969e-001, 6.3254735682683079e-004,
       -1.0512789523762690e-001, 1.3353752703947974e-001,
       4.8897044355312103e-001, 1.6355841510250302e-003,
       9.5659991019913820e-002, 1.0448353177687346e-001,
       5.7892876360396972e-001, 8.9577727790996029e-004,
       -2.0487723401175101e-001, 1.5856763865220808e-001,
       6.5007849582589738e-001, 2.3225466578978757e-002,
       6.0784804243960482e-002, 2.3871872491758113e-003,
       5.8036273702498065e-001, 2.7396088199658198e-003,
       1.8210964501412336e-001, 1.9543054143243360e-001,
       6.3734187589839975e-001, 3.6371867390603031e-003,
       9.6867849872206174e-002, -5.3010867647782000e-003,
       5.9456908593335511e-001, 5.7156094650709427e-003,
       7.8601800556093226e-002, 8.9315235636895206e-003,
       5.8653469695745808e-001, 3.1502748235745274e-003,
       -1.3156884183199191e-001, 3.0033589058079152e-002,
       4.8099978418006245e-001, 6.5279620854609699e-003,
       1.8728677054069498e-001, -1.1037551511833671e-001,
       6.9755593027500384e-001, 3.0016566452996066e-002,
       -1.9530044401638172e-001, 1.1344452188827178e-001,
       5.1164995165039762e-001, 1.9657820914248177e-002,
       9.4511391822484678e-002, 2.5234981635292326e-002,
       5.9367046527169798e-001, 2.1782239622345867e-003,
       -7.9881727298699967e-002, -5.8651550350196674e-002,
       5.3121502283586852e-001, 1.6242042148385950e-003,
       -2.6652014000067836e-002, -8.3779417200277928e-002,
       5.5960217875137230e-001, 2.8458031504750981e-003,
       -8.4338751915009016e-002, -2.4741922528060119e-002,
       5.2248177462957213e-001, 2.7285155772693772e-003,
       1.9909712161783799e-001, -1.8759364419666649e-001,
       7.1502603215647542e-001, 3.4439294603196592e-002,
       2.0019500591840489e-001, -1.2382621225706107e-001,
       7.0538965259292064e-001, 3.4063106207696543e-002,
       -1.7035407045292805e-001, 7.0685602151395410e-002,
       5.4644435528003843e-001, 2.1769897130055955e-002,
       2.1570988186950080e-002, 1.1884541314909225e-001,
       5.4593644400440966e-001, 1.7295314359831537e-003,
       7.4010774654296271e-002, 2.7549159562314393e-002,
       5.8118917522439495e-001, 3.1126390483871861e-003,
       1.8849507176141383e-001, -1.1010879648693440e-001,
       6.8155294786578402e-001, 3.7163856518988000e-002,
       1.9283501422096083e-001, -1.1498263156155064e-001,
       6.9039521579892371e-001, 3.6205044354656622e-002,
       -6.5642975842231999e-002, -6.3378365761503241e-002,
       5.4208451949548964e-001, 5.3135403235772842e-003,
       -1.8930808999152743e-001, 1.3666209163055293e-001,
       5.2621305315848399e-001, 1.9503902277869644e-002,
       3.0940195744236114e-002, 1.3398445691467353e-001,
       5.4743731418042541e-001, 1.5349944787178321e-003,
       -1.4268517292767630e-001, -1.2023292646725208e-002,
       4.7899542242015464e-001, 1.6218499475973201e-003,
       9.0439449268744365e-002, 5.0902605496288264e-002,
       5.8216712135008553e-001, 5.2034452883651227e-003,
       -2.1959890761934336e-001, 2.6892674324856411e-002,
       5.2365630089901261e-001, 3.1854446639647529e-003,
       -1.6016941433658538e-001, -2.4541876209039651e-002,
       4.7121140674966294e-001, 2.3909434713619213e-002,
       1.0947383581065132e-001, 1.3328470273079390e-001,
       5.8141879062281498e-001, 9.6951809003492737e-004,
       -1.1502232860778397e-001, 1.3988728928651811e-001,
       4.9318552450885539e-001, 7.0864474115958035e-004,
       -1.4157335699370921e-001, 2.2677379332282286e-002,
       4.9576970019323263e-001, 9.0462980690011975e-004,
       8.1366948178622958e-002, -2.2909983303168305e-002,
       5.9418571736972403e-001, 3.3428618645427303e-003,
       2.9788430730329669e-003, 7.9419680162266137e-002,
       5.4106544430569614e-001, 2.1314803216809721e-003,
       -4.9099011587116298e-002, -8.4815874318097256e-002,
       5.4980343555894651e-001, 2.1401290093408551e-003,
       -2.2384516658530235e-001, 5.9279559324843793e-002,
       5.2252800495255958e-001, 1.1910169486787545e-003,
       9.5100915117379503e-002, 9.6585355525898836e-002,
       5.7372772191122912e-001, 1.9738254235874150e-002,
       9.0679173944103936e-002, 4.8503268540982955e-002,
       5.8500319594900985e-001, 2.5690087923248136e-003,
       -8.1016599370203168e-002, 7.1283438541501681e-002,
       5.0722658008042854e-001, 2.4454545193619967e-003,
       -6.8298603482564529e-002, 8.8889915320391449e-002,
       5.0596645488003311e-001, 1.2199457431898023e-003,
       -1.3440249416516520e-001, 4.1540301196741111e-002,
       4.9221566495167546e-001, 2.6356845713142447e-003,
       -1.4355396537077830e-001, 1.3397343432711706e-001,
       4.7489171323447582e-001, 9.5353792304262125e-004,
       9.6332281744059986e-002, 3.0834650448158009e-002,
       5.9596038002946006e-001, 1.3534140007288982e-002,
       -1.4077667429845747e-001, -5.9108509064079134e-002,
       5.0750317113107624e-001, 1.5657737773999731e-003,
       -1.9555753499649048e-001, 9.6319440492786151e-002,
       4.6054840500042543e-001, 3.1223288451156942e-004,
       6.8776295034582565e-004, 1.2491330929701847e-001,
       5.3780136235633758e-001, 1.5553593237006590e-003,
       -1.6473314609222367e-001, 2.0771018733469062e-002,
       3.8599376699324750e-001, 4.0468781033312492e-003,
       6.3710765750059822e-002, 6.4137516973162056e-002,
       5.6919837042081367e-001, 2.4538221155585532e-003,
       1.4198356783259652e-001, 8.9824499691620995e-003,
       6.5332722603776849e-001, 1.1829373398449214e-002,
       -4.8785480764271444e-002, 1.0414931143105728e-001,
       5.1473565955559231e-001, 1.5128289651747608e-003,
       -2.0303798033012804e-001, 3.0631492204611477e-002,
       4.7948263615945619e-001, 3.1518251160836440e-003,
       -1.8374460458983534e-002, 7.5533036522425379e-002,
       4.3214796385409365e-001, 4.2781143349102753e-003,
       -1.8268164669953918e-001, 9.0907970010623701e-002,
       4.1814106317528693e-001, 9.3580226514634423e-004,
       -1.8546987339535445e-001, 1.0122042239022586e-001,
       5.8717815918333149e-001, 5.9734950995143164e-002,
       5.6341839875817368e-002, 6.6109278869589866e-002,
       5.6629065400251011e-001, 2.6793242007327714e-003,
       3.3611555748836099e-002, 1.6639489824341691e-001,
       5.4615288339539936e-001, 5.1023161643897884e-004,
       -6.5949255886513958e-002, -4.1591759045713231e-002,
       5.3526294191396118e-001, 2.5309766614751987e-003,
       1.6381381909329212e-001, 1.2110314200510928e-002,
       6.6268528615590805e-001, 1.9157637787290509e-002,
       1.3567280240306663e-003, 1.0367179928156307e-001,
       5.4025481353081906e-001, 2.0288512269953369e-003,
       1.6192907000333429e-001, 1.8055253001345339e-001,
       6.2845380789369587e-001, 3.5488094697807924e-003,
       -2.4408903902103436e-002, -7.4704082794769200e-002,
       5.5902103083771482e-001, 2.2470386844491955e-003,
       1.6066109692792951e-001, -9.0213335418836152e-002,
       6.7249529884691328e-001, 2.8531523065406593e-002,
       1.9871421070222989e-001, -1.8670933699270248e-001,
       7.1298401798730193e-001, 3.5124748410756149e-002,
       4.6226665617505852e-002, -4.4526952892892848e-003,
       5.7553144122203193e-001, 3.2715547394039104e-003,
       -4.4419644873752585e-002, -5.9689420018905467e-002,
       5.4723640788801431e-001, 1.7753927242706552e-003,
       2.0533704483820674e-002, 5.0178663170628579e-002,
       5.5331634715705658e-001, 3.7592325716608302e-003,
       3.2683221540514479e-002, 4.4913302690511220e-002,
       5.6031890931021744e-001, 2.8800981870547725e-003,
       6.8338337119780837e-002, 7.0755030102870223e-002,
       5.7059789624276491e-001, 3.1058328165758757e-003,
       -1.4175487691549837e-001, -5.3076974560954393e-002,
       5.0545767860757418e-001, 1.3985956941806525e-003,
       5.4614340991085406e-002, 1.3501879958815455e-001,
       5.5888576247972610e-001, 1.7961674024645482e-003,
       -1.8215681023944744e-001, 8.0562300452442365e-002,
       5.5953721117553812e-001, 2.7298280602061617e-002,
       1.6304265400976187e-001, -1.5815182679542530e-003,
       6.6474584390911251e-001, 2.0109576154557933e-002,
       1.8184597219701265e-001, -1.0408848316458358e-001,
       6.8256037947756276e-001, 3.3475425121989269e-002,
       1.6108672640134070e-001, -9.1739240827662522e-002,
       6.7616111939085799e-001, 2.6435556747975548e-002,
       -1.1238696788830971e-001, 3.5170827604018740e-002,
       4.9256723827105725e-001, 7.3866505776111783e-003,
       -9.0699413757772365e-002, -5.9769804254071753e-002,
       5.2094378615378489e-001, 3.5774020124997108e-003,
       -1.1876748538796439e-001, 9.2919903630303502e-002,
       4.8851967800852980e-001, 1.1755933001401633e-003,
       -1.4559416629532468e-001, 1.5464641824662517e-001,
       4.7823008580790161e-001, 2.6540057410346972e-003,
       4.9281985703104533e-003, -1.7313498597284944e-002,
       5.5482290015388247e-001, 1.4453551117539693e-003,
       6.4515904770329480e-002, 5.0704564012144349e-002,
       5.7306534316863755e-001, 1.8829470674246850e-003,
       -8.4562962949023365e-002, -6.2431476256302611e-002,
       5.3171492847318325e-001, 2.6381897996749968e-003,
       1.9139741703876507e-002, 1.5289806812868759e-001,
       5.4106968520848975e-001, 6.5230236119881945e-004,
       1.3745960832161663e-001, -6.2652031446870544e-003,
       6.5686622093571279e-001, 2.0402861955181331e-002,
       -1.4058556090737812e-001, 8.9930541389860563e-002,
       4.8680278852693865e-001, 2.2064416225476510e-003,
       -1.9389050270678593e-001, -1.0812816308228489e-002,
       4.6535886891092582e-001, 9.2715163033748791e-004,
       1.2353053804052996e-001, -2.9494652404211796e-002,
       -2.8915934253047038e-001, 1.3225414918455303e-002,
       3.4442964603819445e-002, 1.0420700821563221e-001,
       5.5259252755699251e-001, 2.4973970174771033e-003,
       3.0036463117664735e-002, 1.3276418492322115e-001,
       5.4733058987724925e-001, 1.8018477105811300e-003,
       -2.1712115002919263e-001, 7.9463976840749462e-002,
       6.3137919573302681e-001, 1.5999217943613239e-002,
       2.6407259834978269e-002, 1.1973431167268200e-001,
       5.5093236964551462e-001, 3.9668841319491537e-004,
       -3.6297693992864415e-002, -6.9255438958361112e-003,
       5.4041521026873296e-001, 2.3832108462590049e-003,
       1.5517296776157274e-001, -3.5781334676560361e-002,
       6.6541907256687782e-001, 2.3371465474787592e-002,
       -1.3702490966781031e-002, 1.6447189822067032e-001,
       5.2272447386265997e-001, 3.5856932995780813e-004,
       -1.3994837848618208e-001, -8.5678750223747227e-003,
       4.9657123253849189e-001, 1.2078866770286057e-003,
       1.7494396338963220e-001, 1.2985876352957976e-001,
       6.4409666743543803e-001, 4.6779248196299021e-003,
       -5.2195070766636140e-002, -5.8324177246439818e-002,
       5.4434500856336254e-001, 3.1675446509433990e-003,
       -6.8412184579597024e-002, 9.9003436843377188e-002,
       5.0833977034769529e-001, 1.8489963819472070e-003,
       -5.9434245615939171e-002, 1.0057081684298122e-001,
       5.1168751285530123e-001, 4.5238978181820754e-004,
       -1.1603886357945628e-001, 1.4078160387721289e-001,
       4.9883456962172024e-001, 2.1684140704366179e-003,
       1.4301987911718506e-001, 1.2968292195956476e-002,
       6.5313500133935865e-001, 2.0071706241858205e-002,
       7.8895735732978173e-002, -1.9305769705135589e-002,
       5.9201064223470612e-001, 2.4205625748663188e-003,
       -1.3273153488289946e-002, 1.1500329448313618e-001,
       5.3283586927153892e-001, 1.7553319143543424e-003,
       1.5567448206899651e-002, 1.4434231337949055e-001,
       5.3933328539936432e-001, 1.0652603007128699e-003,
       -1.4307254132119746e-001, 1.3369070867700486e-001,
       4.7227185223732754e-001, 1.9730658746132720e-003,
       -9.3464900426424302e-002, -1.7093157124402042e-002,
       5.2056829253647963e-001, 1.3294995945760575e-003,
       -1.6061263177934598e-001, 7.8657521830790514e-002,
       3.8701371712615973e-001, 1.5056860700252675e-003,
       1.6263339370831069e-002, -4.7259610216316495e-003,
       5.6339122152198340e-001, 3.4711823211822121e-003,
       4.1727876478546644e-002, 1.0425709531854989e-001,
       5.5541195577875246e-001, 2.6520210294786409e-003,
       -1.7119451231972882e-001, -3.1457552740807360e-002,
       4.8725319221108815e-001, 2.9964236350046507e-003,
       3.7753144495401583e-002, 1.7702882602257419e-001,
       5.4705830392502797e-001, 3.3004102343421479e-004,
       9.5396231612435295e-002, 1.0603729743369589e-001,
       5.7651853192540203e-001, 3.0246469424233769e-003,
       -1.2400749410543124e-001, 3.4092147145684359e-003,
       4.9792257182156341e-001, 1.1689510923824846e-003,
       1.3605831335167129e-001, -1.4711092198202529e-002,
       6.6802026515688362e-001, 3.8928832626018338e-002,
       1.7858636358108371e-001, -5.8319685759817344e-002,
       6.8211741174978924e-001, 2.2187357879233451e-002,
       1.5909958500964794e-001, 1.3466281285974913e-001,
       6.3680259822851948e-001, 3.9618818481819964e-003,
       -6.1247833739224926e-002, -5.8079896499788883e-002,
       5.4144962224579751e-001, 2.9203870605359664e-003,
       -1.0138832804436920e-001, 7.5186693935599735e-002,
       4.9873149609046519e-001, 2.3338880284515060e-003,
       -9.0189280641182507e-002, -5.9368443349692906e-002,
       5.2139947269450748e-001, 2.1230734702082045e-003,
       6.5794380826932869e-002, 5.4459464038961992e-002,
       5.7208841779079078e-001, 2.4250581757996295e-003,
       1.9450945800362860e-003, 1.2129316196794585e-001,
       5.3741248193889757e-001, 2.2725956672805321e-003,
       1.3628733990984726e-001, -1.4155517528438317e-002,
       6.6783692440435327e-001, 3.7701363994257046e-002,
       -2.2124764525204524e-002, 1.2935214224879013e-001,
       5.2770187777660804e-001, 7.5751731189975524e-004,
       1.7649758575254207e-001, -3.8752618759386744e-002,
       6.6464225399322507e-001, 5.7447852619507786e-002,
       6.6888383330205303e-002, 1.5491389866507377e-001,
       5.6527584250997720e-001, 7.3133932996226922e-004,
       1.7836464808371963e-001, -1.3947509438209688e-001,
       6.9084627066940074e-001, 3.1506443704652616e-002,
       1.4991028391534611e-001, 1.8449217732977832e-001,
       6.2230692080675576e-001, 2.2199198904238808e-003,
       -1.2965313274940804e-001, 1.4664429913877156e-001,
       4.9936914631509322e-001, 4.2148640540012033e-003,
       8.2533720719791925e-002, 1.4441603140602249e-001,
       5.7583593047014703e-001, 2.3557112068226501e-003,
       -2.7284991698748477e-002, 7.5768359138615793e-002,
       5.2837899769183427e-001, 2.2212805181269029e-003,
       1.4813108448252930e-002, 2.1116749390779753e-002,
       5.5651319131034183e-001, 1.7377741804090420e-003,
       1.3703490645353839e-001, -1.2899976050862752e-002,
       6.6855559195999348e-001, 3.4948125182547599e-002,
       -1.8534735899527038e-001, 1.0360297454081410e-001,
       5.7370048879046576e-001, 5.6018217256123694e-002,
       -1.5413938459435003e-001, -2.4270971065637872e-002,
       4.8852852911838995e-001, 3.1592936220069858e-004,
       -1.2705716147934643e-001, 9.2234200255128768e-002,
       4.8494942000391339e-001, 2.1383510666690047e-003,
       -7.8163819122597553e-002, -4.8448201732843026e-002,
       5.3070783220947715e-001, 2.4319933560652965e-003,
       -1.5433567272959678e-001, -2.4184600719532434e-002,
       4.9062156916623156e-001, 6.4109011419027429e-004,
       1.2917894739937895e-002, 1.1521608846442824e-001,
       5.4308994283167666e-001, 1.9793394771135888e-003,
       5.9383671156740689e-002, 3.4700218065880417e-002,
       5.7308500843343213e-001, 3.2711579578228360e-003,
       -1.6392795335274912e-001, 1.2568743026525614e-001,
       4.6903393689810235e-001, 1.7638199577571082e-003,
       1.4989140884121305e-001, 1.8128719324467879e-001,
       6.2261412090668222e-001, 1.8224081774398729e-003,
       -9.1124784399334913e-002, -6.0127104296509741e-002,
       5.1880410306410329e-001, 5.5220029458843177e-003,
       2.0418731510487498e-002, -7.0920911630050362e-002,
       5.7643718304947777e-001, 2.4646822452528447e-003,
       1.5834914201863032e-001, 6.7953595919335030e-002,
       6.5110616752396910e-001, 1.1092401184931475e-002,
       -1.0294925137280117e-001, 1.2976748590817905e-001,
       4.8143954210080986e-001, 5.0375428153499983e-003,
       -8.4501960738909310e-002, -1.7330401341494946e-002,
       5.2130544867537876e-001, 3.6420992951297971e-003,
       1.5403090147162426e-002, 1.2947668435961479e-001,
       5.4009953834799240e-001, 6.8304372060964741e-004,
       -2.5374155693539602e-001, 6.7402794293053361e-002,
       5.9427038440012236e-001, 2.8929755044897125e-003,
       -5.6978866863868508e-002, 6.2192821880181909e-002,
       3.7780497420871151e-001, 8.1621396506061494e-003,
       -1.2539999536394486e-001, -6.1031976413258436e-002,
       5.1547530422618382e-001, 4.0706000032315486e-004,
       -5.6244262538020368e-003, 1.3819751853798296e-001,
       5.3032640745022830e-001, 4.8144525710501842e-004,
       4.5598111427701149e-002, 4.6822613288893020e-002,
       5.7894456695671281e-001, 1.5508425835187160e-003,
       1.7558728734791795e-001, -1.2438388934920508e-001,
       6.8616904042657401e-001, 3.0349652079175383e-002,
       -5.3745147508569485e-002, -1.2550644190170169e-002,
       5.3523447243466671e-001, 2.6155895955677928e-003,
       1.6309741081987633e-001, -1.6646651804602612e-002,
       6.6447883549082398e-001, 2.2623940917386454e-002,
       -1.9161695962522018e-001, -2.9281272358205622e-002,
       4.8062489567655070e-001, 1.1663333708250729e-004,
       9.3483471684982791e-002, 2.1087526126279548e-002,
       5.8691766503302212e-001, 7.1484432684911520e-003,
       -1.2018667950267616e-001, 8.4423913990010424e-002,
       4.9245200407808731e-001, 1.7234705304364935e-003,
       -9.5522828254282127e-002, -7.3178721020126083e-002,
       5.2715577529361501e-001, 5.0679759017952040e-004,
       1.7754468354966313e-001, -1.5587354542956709e-002,
       6.7561941134718728e-001, 2.4299384001412922e-002,
       1.0032076584372351e-001, 1.5770429708855868e-001,
       5.8649092428592176e-001, 4.5225615131983004e-004,
       8.3850268558340574e-002, 1.7441908998295863e-001,
       5.7511996185040293e-001, 9.9221800658856520e-004,
       1.3574411997545940e-001, -1.5545800129564420e-002,
       6.6846220933535760e-001, 4.0779094231131019e-002,
       -8.4286824259093673e-002, -3.9197893198111837e-002,
       5.2691997270856394e-001, 1.5038466026240478e-003,
       1.9546990791113034e-001, -1.7453657444726589e-001,
       7.0500385631127549e-001, 3.4370747936808978e-002,
       2.4140863727711931e-002, 7.1341989606533152e-002,
       5.5134752909040030e-001, 2.6419495726262379e-003,
       -1.5272029932150025e-001, -2.4257892590190649e-002,
       4.9320711582652954e-001, 2.1873937248691782e-004,
       1.7470887319976589e-001, -1.0492649083576056e-001,
       6.8683877339796084e-001, 3.0058952497405401e-002,
       -7.6666738989215577e-001, 2.7909684172260518e-001,
       1.8261680976281411e+000, 5.1144203352116731e-002,
       4.7340353121211633e-003, -6.8555077273650511e-002,
       5.6913721430936959e-001, 2.2942374801097243e-003,
       1.3818239123132880e-001, -8.7717883685506353e-003,
       6.6522086465742891e-001, 2.5907740317948163e-002,
       -1.6873239131389350e-001, 8.1634867130790822e-002,
       4.1017867616836445e-001, 3.2426158039232330e-003,
       1.8722774503816858e-001, -1.3640776532484630e-001,
       6.9681558892958773e-001, 3.1546279851250213e-002,
       -2.0083305913678307e-001, -1.8562509533193307e-002,
       4.7189497672508629e-001, 5.5828555234477772e-004,
       1.5248561801771604e-001, 1.0428377607337827e-001,
       6.3899390878530049e-001, 5.6924759677562057e-003,
       2.3617453504576541e-001, 1.2851338799002188e-001,
       5.8873789845377889e-001, 6.3017257055373158e-002,
       1.1736577929902823e-002, 1.2398940352923490e-001,
       5.4084559856389092e-001, 2.0720191747430968e-003,
       9.0830522832118371e-002, 1.6347058352650745e-001,
       5.8039560748445085e-001, 1.6535722967837843e-003,
       -3.9531082304196927e-002, -2.6487303553928594e-002,
       5.4300365002557860e-001, 1.9923706469872084e-003,
       1.7063732145083110e-001, -9.5606832663208519e-002,
       6.8133800872654504e-001, 2.7921115643189727e-002,
       1.6264741985218328e-001, -6.7212717158631308e-002,
       6.7789694922356392e-001, 1.3232980553315486e-002,
       1.1175714239696907e-001, 1.3723077859339788e-001,
       5.9352573096556682e-001, 1.2937010749814750e-003,
       6.8121252570629537e-002, 1.6252511238678768e-001,
       5.6503633850445989e-001, 8.9569806680331288e-004,
       -2.2445525854716247e-001, 3.3450027175267974e-002,
       5.4669714043988660e-001, 1.4286069099360527e-004,
       1.5358348422272929e-004, 1.6658493400722466e-001,
       5.2778330884932600e-001, 8.6634272843076642e-004,
       1.9655295790307059e-001, 8.0172705850498644e-003,
       6.8052806502171426e-001, 2.1572131600853871e-002,
       -2.1952891242009224e-002, 1.4732009455216238e-001,
       5.2228790496927413e-001, 1.6704142326914465e-003,
       1.8726220139531266e-001, -1.1627344583950916e-001,
       6.8367277719833353e-001, 3.7761133809067836e-002,
       4.8421105823888227e-002, 1.3533312715093049e-001,
       5.5526411600904613e-001, 1.7039675337797062e-003,
       3.7662413440715442e-002, 1.4724507243368136e-002,
       5.6586319596331158e-001, 6.0081324086930113e-004,
       5.0171996514148713e-002, 2.7192967946892209e-002,
       5.7097468033759391e-001, 3.3138124193930144e-003,
       4.7620350789194674e-002, 3.3883103050812630e-002,
       5.6871067004870457e-001, 2.3104098426590734e-003,
       -3.3361492130093394e-002, -8.6335322605776990e-002,
       5.5672125498055625e-001, 1.3622726159023030e-003,
       -2.3591507795534095e-001, 7.7573377127786253e-002,
       5.4936271595868458e-001, 1.9528434916483092e-003,
       1.3596633152540577e-001, -1.3878417428564046e-002,
       6.6569979348400543e-001, 3.7067111743144518e-002,
       -1.2432331396374553e-001, -6.0427271522256173e-002,
       5.1524069577897480e-001, 1.8553956606578582e-003,
       -7.9680181937980821e-002, -1.4790965829946169e-002,
       5.2312008627341733e-001, 2.7823355798527087e-003,
       1.4363118612602224e-002, 4.9039967759806215e-002,
       5.5137269773808328e-001, 1.2790040845183975e-003,
       1.2159190078786943e-001, 9.4551054343696719e-002,
       5.9690531739498165e-001, 2.9567790373999721e-003,
       7.7725626313489241e-002, 1.0105763132164042e-001,
       5.6941568385079488e-001, 1.7755463093504539e-003,
       3.3501746466734856e-003, -1.1594689156761075e-002,
       5.6005034708285795e-001, 3.5014323858144542e-003,
       -2.0654357636250398e-002, 2.7267274988078790e-002,
       5.4294805474384378e-001, 1.7491989642958695e-003,
       -1.9880949468925607e-001, 1.0622425063563835e-001,
       6.1955055101234913e-001, 6.6858003763402299e-002,
       -1.2462452843013433e-001, 1.0218645947555569e-001,
       4.9030104260335783e-001, 1.8627954325868411e-003,
       -1.4946303048548520e-001, -2.9621814264290280e-002,
       4.9531750607092040e-001, 4.6742031407873174e-004,
       -9.1834352060867583e-002, -4.1627768530519041e-002,
       5.2518537566148082e-001, 1.9028583279846450e-003,
       1.4041044779317330e-001, 1.3081556794052084e-003,
       6.5730850735101343e-001, 4.2713755145206613e-003,
       -9.5855003068276060e-002, -6.3921591277837239e-002,
       5.2162668398994883e-001, 3.7934990370704961e-003,
       -6.9073464363740150e-002, -4.9306810520943177e-002,
       5.3518628956887326e-001, 2.6246778430900732e-003,
       -6.6332284698140981e-002, 4.6035670377505569e-002,
       5.1814920124389563e-001, 2.0837326315828342e-003,
       -1.4178856085145766e-001, 1.3994005054342495e-001,
       4.7066003667064471e-001, 2.8795013425650683e-003,
       -8.2353656392161162e-002, -2.1524465845850972e-002,
       5.1835415378266825e-001, 4.6110691071307329e-003,
       -1.7105088836078523e-002, 1.3410981419626131e-001,
       5.2507793453462925e-001, 1.3816711943591923e-003,
       3.7608182428810297e-002, 1.2974773710976389e-001,
       5.5001798609074948e-001, 1.3800444184529879e-003,
       1.3340393140562411e-002, 1.1148198727954767e-001,
       5.4269379587004729e-001, 1.4253339335161706e-003,
       -1.9641466317046435e-001, -2.0560295571557970e-002,
       4.8481025107155223e-001, 3.3744462596919602e-004,
       4.8960241837491841e-002, 1.5103576945681074e-001,
       5.5510511959912723e-001, 1.7078049490067476e-003,
       7.1291429344716314e-002, 1.2335088808710874e-001,
       5.6838219850272198e-001, 2.4460757343628967e-003,
       -1.1431373822851154e-001, 1.4631322844708416e-001,
       4.9890587145291682e-001, 2.5954269660108018e-003,
       1.8583634866553303e-002, -8.6389597308690627e-002,
       5.8012525579108942e-001, 9.5687087173165856e-005,
       -9.1906281071325008e-002, -4.0359746865411467e-002,
       5.2420210256810229e-001, 1.6633197786266646e-003,
       -9.9641278283601697e-002, -4.1462118071888598e-002,
       5.2220851431172255e-001, 1.4435824464250906e-003,
       -4.4693183085415575e-002, 1.0559792320467530e-001,
       5.1645229293856942e-001, 2.1024305614799270e-003,
       -1.0232472953159880e-001, -5.8415589188512050e-002,
       5.2099893880985071e-001, 1.3198635661322677e-003,
       -1.2700796353798935e-001, -1.0363595987875363e-002,
       5.0289073682243024e-001, 1.3272377601510595e-003,
       9.8269085543976314e-002, 1.5247747068598305e-001,
       5.7393771618519929e-001, 3.1500620937156905e-003,
       -1.2074623693902681e-002, -8.4014497950125083e-002,
       5.6692500315841388e-001, 3.8651270685418500e-003,
       -9.0073375903486866e-002, 4.0115607578672996e-002,
       5.1522709131018640e-001, 2.2955649869348133e-003,
       -1.0947563036857691e-001, 1.4110645170379660e-001,
       5.0884975249626341e-001, 1.2176806974583197e-003,
       -1.2045314430461267e-001, -1.6456597726422436e-002,
       5.0746288664289918e-001, 1.6950361436740746e-003,
       1.4999877645159365e-001, 1.8369363141918105e-001,
       6.2247153131166766e-001, 3.8572371754235931e-003,
       -1.2267118677479333e-001, 9.0228007040777408e-002,
       5.9819575824468885e-001, 1.5646272247342517e-002,
       3.6933631173706349e-002, 1.6172690537497583e-001,
       5.4813873520815548e-001, 1.7851760060957580e-004,
       1.9466118856680575e-001, 1.0091509215701056e-002,
       6.7959872156210377e-001, 2.0880062857748880e-002,
       1.3722807555573677e-001, -1.4058202108528744e-002,
       6.7204987873640964e-001, 3.7534061055854218e-002,
       -1.7636360049862682e-001, 1.3929290997506148e-002,
       4.6996609640956105e-001, 4.5349708895282359e-003,
       5.7013669535137187e-002, -1.0069388128561249e-002,
       5.8162882720020770e-001, 4.5935168942610460e-003,
       3.7816733738505318e-002, 1.4887371430313123e-001,
       5.4996849951934923e-001, 6.4435447038981594e-004,
       7.8515286172227097e-002, 8.1881001097113132e-002,
       5.3887242675362435e-001, 2.8664025319684223e-002,
       -6.2431950522863378e-002, -4.5717180102089805e-002,
       5.3799541745175450e-001, 2.6901892648132876e-003,
       2.3984947998135253e-001, 8.5574456633985399e-002,
       6.1009337391894747e-001, 3.9018421813863897e-002,
       8.1623771875552267e-002, 1.5697194241794640e-001,
       5.7473685276297792e-001, 1.0094839367251554e-003,
       -7.9731960534679847e-002, -1.3476808364642583e-002,
       5.2305210999002605e-001, 2.7121301137832564e-003,
       5.1579095815988667e-003, -6.8120090899879970e-002,
       5.7025737007783228e-001, 3.7019894280390067e-003,
       8.2622227440137502e-002, 1.6895481971089321e-001,
       5.6495267734569343e-001, 5.5828670832952050e-003,
       2.0567671955146593e-002, 1.6488774998344982e-001,
       5.3941073369353698e-001, 1.6331478440230175e-004,
       5.6437172643253762e-003, 1.5683623287060473e-002,
       5.5518335604087743e-001, 2.1600130435494263e-003,
       -6.6103618137292416e-002, -4.1918515258336585e-002,
       5.3222103089566297e-001, 9.8677337249144549e-004,
       5.1261828268886075e-002, 1.4425570827614353e-001,
       5.5699570106351737e-001, 1.1241772327754529e-003,
       1.2857947458623942e-001, 1.2820970101250623e-001,
       6.0256246703805871e-001, 2.9514375053347297e-003,
       1.4978344072872543e-001, 1.8621190862686321e-001,
       6.2225658629249603e-001, 1.1346611452410259e-003,
       -1.0925604720608365e-001, -6.3176056557622567e-002,
       5.1845615001701062e-001, 1.3499303373009732e-003,
       4.7213922297530880e-002, 1.7303162062690169e-001,
       5.5314970254864648e-001, 4.1095875790362880e-004,
       1.4492561300063175e-002, 4.9567395258790212e-002,
       5.5019440767885475e-001, 2.5752222054999901e-003,
       1.7236552757387127e-001, -1.7634252595664396e-001,
       7.2623918683739130e-001, 7.5614330248168715e-002,
       1.5028497496330723e-001, 1.8002602873306311e-001,
       6.2391152732147415e-001, 4.9932104204823708e-003,
       -7.0826725937521873e-002, 3.0343884699044421e-002,
       2.1032502714527634e-001, 1.4469195382043864e-002,
       2.0650851782273438e-002, 6.2570074863678160e-002,
       5.5219401159071491e-001, 2.8870575854974263e-003,
       1.0292776408531043e-001, 1.6214625185166187e-001,
       6.0184121209077934e-001, 1.0745852973335257e-003,
       2.0132104017385261e-001, -1.6827377603573151e-001,
       7.1114645793159492e-001, 4.3925911376196877e-003,
       1.3903055332413600e-001, 5.1497170822682695e-002,
       6.1355693138967937e-001, 9.7803592533713679e-002,
       2.4789232370488912e-002, 1.2834766351618654e-001,
       5.4715498811025598e-001, 1.5885828331842946e-003,
       -5.6289831543979658e-002, 1.6059173411757144e-001,
       5.0699347529268124e-001, 1.7860205090460801e-004,
       -1.0284995826342475e-001, -5.8825470541108260e-002,
       5.1973698924362299e-001, 5.3564073460942016e-004,
       9.6303196857371029e-002, 1.4428675162998372e-001,
       5.8366204357111906e-001, 4.4375614340805302e-004,
       1.2206075894067983e-002, -8.4353522436631689e-002,
       5.7785936916640968e-001, 5.7898950735265717e-003,
       2.2124722655044354e-001, -8.6286123016669047e-002,
       7.0307073674319398e-001, 3.2108794960680788e-002,
       -7.7086662451494189e-002, -4.5072642160442287e-002,
       5.3080703374044480e-001, 2.8942125522524397e-003,
       1.5521461432786676e-001, -2.1514232791441022e-002,
       6.6251233711092694e-001, 2.4408676817504200e-002,
       -1.0424013345405755e-001, -4.9521874591281864e-002,
       5.2108367195842431e-001, 2.0062477725774127e-003,
       8.7967722498039164e-002, 1.5302174047649619e-001,
       5.6026176514582970e-001, 1.0840329612541584e-002,
       -1.6241017104023769e-001, -1.6080093139927091e-002,
       4.2778010155636514e-001, 8.1335429310529742e-002,
       2.1561839412796382e-001, -1.2526442855606279e-001,
       7.2883911064135520e-001, 2.5151269283669436e-002,
       9.6058831552437079e-002, 1.4099905121080686e-001,
       5.6735993632036585e-001, 6.7044821048286426e-003,
       1.7580498883785639e-001, -8.2851011846402280e-003,
       6.7431185500122170e-001, 2.2436135233195046e-002,
       7.1807081885367691e-002, 1.7658362751109241e-001,
       5.5815469073003765e-001, 6.4993474082924796e-003,
       -9.3519039705612150e-002, -6.1899737300007883e-002,
       5.3475650727894175e-001, 7.7966207964884253e-003,
       1.5396493536481426e-001, 1.0179847090680805e-002,
       6.5831149954090429e-001, 1.8947546348045637e-002,
       3.4092720081162625e-002, 5.7683919944603229e-002,
       5.5883431897213010e-001, 2.3512181453350369e-003,
       1.5888471547522237e-002, -5.6321538798180058e-003,
       5.6484449388578062e-001, 1.5073701201414771e-003,
       7.0863671157728986e-002, 1.5540104530804949e-001,
       5.6674437872074668e-001, 9.5334963120224621e-004,
       1.4478160065891055e-001, 6.0706750894772149e-002,
       6.4361566918375734e-001, 1.2191008193182142e-002,
       -9.7630035680711172e-002, 9.9648866049838830e-002,
       4.9827545554049230e-001, 1.1212402981665513e-003,
       -1.8903350221241350e-001, 1.0909574551277963e-002,
       4.5472088060405413e-001, 9.4428146327622711e-004,
       8.5364409746423158e-003, 1.3976206373365985e-001,
       5.3839310464942769e-001, 1.5070998405893156e-003,
       -1.2636462900716233e-001, 1.0356723785304273e-001,
       4.9716045941572368e-001, 1.7931949925366652e-003,
       2.0493717416565152e-002, 1.6486693729268026e-001,
       5.3859201108493393e-001, 6.1114522657308463e-004,
       -8.2740446384115152e-002, -4.9165153175245585e-002,
       5.2860605466305843e-001, 2.4730240713690269e-003,
       -9.6130059736234674e-002, 6.6128865798172967e-002,
       6.0322729108084139e-001, 1.3405399427564099e-002,
       6.7293162302206277e-002, 1.3615239619158404e-001,
       5.6628889581142661e-001, 2.4554672381869873e-003,
       -8.3087129991492412e-002, 2.4039736450626199e-003,
       5.2005378107460221e-001, 1.7840582376360979e-003,
       1.3205023882169421e-002, 1.7353798579775251e-001,
       5.3553037771209711e-001, 6.6408334404014901e-004,
       1.1938773321900430e-001, 1.4171944623939328e-001,
       5.8338454061198941e-001, 9.4330963804027223e-004,
       1.5964095488013119e-001, 5.9639780213082007e-002,
       6.5340847246748113e-001, 1.0929279513466176e-002,
       1.9391552715635796e-001, 2.1833809778993435e-004,
       6.8073103779196842e-001, 2.2158701936639023e-002,
       -9.3155562520125967e-002, -9.3248392693299400e-003,
       5.1603062795711740e-001, 2.8414213665697140e-003,
       1.6293874717029636e-001, 2.2376134827518924e-002,
       6.5979716695086954e-001, 1.7477533620797178e-002,
       -8.4729110600472682e-002, -3.2208137209150077e-002,
       5.2354512668211206e-001, 3.3184217955404666e-003,
       1.2282425738447436e-001, 1.1907728606000165e-001,
       6.0051904228265029e-001, 2.9597292236510360e-003,
       1.9774570112971601e-001, -1.7924768808649699e-001,
       7.1667476425472931e-001, 3.0848000523914273e-002,
       1.5592322139557352e-001, 8.0974023695049552e-002,
       6.4765498691117684e-001, 1.5098469248708632e-002,
       1.9086696036762180e-001, -1.5259761620121620e-001,
       6.9907764936970551e-001, 3.6182874686696377e-002,
       2.1208188292021984e-001, -1.2115780631427908e-001,
       7.2331799169611788e-001, 2.5753252229190199e-002,
       -1.4417712989238590e-001, 1.3352179079704068e-001,
       4.8191593490406459e-001, 4.3496898956994151e-003,
       -1.5036679962902416e-001, -3.8849374962074711e-002,
       4.9557519968307873e-001, 9.8854551559276116e-004,
       -2.1400053848826711e-001, 3.1410873725467664e-002,
       5.4702212921089410e-001, 6.8120276180934039e-002,
       1.9097741532635520e-001, -7.2168123906622805e-002,
       6.5412134857325321e-001, 1.0504693544320054e-001,
       1.6430087154983197e-001, 3.2574501907913042e-002,
       6.6010961972071047e-001, 1.3459089142523750e-002,
       -7.2959724910401813e-002, -1.2139628886289696e-002,
       5.2650298795789574e-001, 2.3650767797113587e-003,
       4.4478821665771232e-002, 1.4713468555547854e-001,
       5.5380891366719176e-001, 1.1882714909952020e-003,
       -5.8850301813929549e-002, 1.4193854423458227e-002,
       5.2840361064828545e-001, 1.6983358752283126e-003,
       4.6224692249254087e-002, -3.0314079195144103e-002,
       5.7998911621068716e-001, 5.0276427651315793e-003,
       5.7453898864447656e-002, 3.0799545814736991e-002,
       5.7255124669573942e-001, 2.5663923484685156e-003,
       2.1162824020706894e-001, -1.2040010251161705e-001,
       7.2101579207397759e-001, 2.4806275015741723e-002,
       1.6418338460576748e-002, -4.3344864462990986e-003,
       5.6263906485765092e-001, 4.3140527237170347e-003,
       4.1859170631630332e-002, 1.7315912980220183e-001,
       5.9611904230464274e-001, 3.0881189854220694e-002,
       1.6182364128072618e-001, 1.8131138781135367e-001,
       6.2818222790554645e-001, 1.9297134659836273e-003,
       1.1731097883539472e-001, 1.3472411033118761e-001,
       5.9619189177947807e-001, 1.8710422450430872e-003,
       1.3868805558706992e-001, -4.6206937614868427e-003,
       6.5953435708415808e-001, 1.6900982494342336e-002,
       -1.5852247955867207e-001, 4.9919808724639761e-002,
       4.2809144953548539e-001, 7.2657410630332679e-003,
       1.5118994722876120e-001, -4.9410934867186299e-002,
       6.6641400409073936e-001, 2.2838168715005359e-002,
       -2.0279131734113023e-001, 2.9198389188984104e-002,
       5.1242184451777884e-001, 6.8267612542844164e-002,
       -6.7261921685308729e-002, -6.4839177069468568e-002,
       5.2915863656472006e-001, 3.3971480203942462e-003,
       1.9375978666374258e-001, 1.7983139864266057e-001,
       6.4336956861960348e-001, 2.2384549657398912e-003,
       7.3384396432429500e-002, 1.5450075567474328e-001,
       5.4633531625240073e-001, 2.1203680743271103e-002,
       -1.0890707309966707e-001, -6.2937258342047872e-002,
       5.1919300749767916e-001, 1.8181582545663723e-004,
       1.5926214987220166e-001, 1.2723998817053200e-001,
       6.4390413341018704e-001, 2.0863726995286871e-003,
       -1.3051816225793551e-003, 1.4042109744582124e-001,
       5.3160337445543893e-001, 5.9746325491605767e-004,
       3.8741405915560453e-002, -9.9722035727345670e-002,
       5.9404840718690322e-001, 7.9573123890628195e-004,
       -2.6255935436286149e-001, 1.7517057534945205e-001,
       7.3038048852958792e-001, 9.6952455205445134e-004,
       -7.5311305141977619e-002, -3.5904347210389792e-002,
       5.2995102421490659e-001, 5.6113725195644214e-005,
       1.7331257703148373e-001, -1.5638463716942430e-001,
       7.0231801533798199e-001, 1.1841941258108764e-003 ]
