%YAML:1.0
current_middle_points: !!opencv-matrix
   rows: 685
   cols: 4
   dt: d
   data: [ 9.4472883607307823e-001, -1.0746557958291567e+000,
       4.0092704416437890e+000, 3.3347607069813906e-001,
       9.5824655270972969e-001, -1.1609128635568193e+000,
       4.0735558898006392e+000, 3.3558072161203284e-001,
       9.4775770354764055e-001, -1.0768150747655665e+000,
       4.0273748109621259e+000, 3.2994208603129827e-001,
       5.2969942427468908e-001, -1.5286186693847730e+000,
       5.0789296163075068e+000, 2.2965169032381175e-001,
       1.2092027154775233e+000, -1.4964076113536890e+000,
       4.3081681945198920e+000, 3.6093261140233313e-001,
       -1.1053239892309481e+000, 8.2320108327504782e-001,
       3.5771873279408464e+000, 1.5234411845481449e-001,
       5.9561827832220215e-001, -1.6198468927833707e+000,
       5.1600246507360907e+000, 2.5790389695035831e-001,
       9.4440895010836878e-001, -1.0822425154386142e+000,
       3.7488906403664917e+000, 3.5640902483147635e-001,
       -9.2570315323100238e-001, 7.4604301578268517e-001,
       3.3755006051037384e+000, 1.4171758525671432e-001,
       4.0330923919067396e-001, -1.4435856876655354e-001,
       1.5282313409257853e+000, 2.8994757392390724e-001,
       -8.2698209631192354e-001, 7.1064124123748085e-001,
       2.9288453634830391e+000, 1.8629059831707370e-001,
       -9.4752421880863325e-001, 6.8845860625891830e-001,
       2.9472478868361573e+000, 1.9007330545340984e-001,
       1.2044667427461558e-001, -8.3574633719202873e-002,
       2.3646826317824005e-001, 2.4562666093402266e-001,
       -8.8123779686687409e-001, 6.0128676133853953e-001,
       3.3087855058710467e+000, 1.4086954452471412e-001,
       -2.3359590331284177e+000, -1.3268201653165392e+000,
       4.6333717695908874e+000, 5.4270047801687860e-001,
       1.1195341046300082e+000, -1.2823002351666468e+000,
       4.0901743097380940e+000, 3.5640534057830980e-001,
       -2.4430364761138934e+000, -1.4813346429168412e+000,
       4.8868032904918390e+000, 5.3208311692815136e-001,
       -1.0517948001845761e+000, 7.1852337314364134e-001,
       3.8935689295523526e+000, 1.1154355307689509e-001,
       -3.3498470896042294e+000, -2.1018245612261470e+000,
       7.1604958459519406e+000, 3.7351871681462856e-001,
       -2.9204747251647913e+000, -1.8000704849176141e+000,
       6.0649002192773986e+000, 4.6101182671127244e-001,
       -1.4913474536504605e+000, 7.0272279005029115e-001,
       3.6107897744754061e+000, 3.5836098492085183e-001,
       -2.8204327499889459e+000, -1.2048274562353014e+000,
       7.1186371419949408e+000, 2.1185946858139423e-001,
       -2.8592919076636218e+000, -1.3195591393771475e+000,
       7.2270395547682842e+000, 1.9274397733812082e-001,
       -1.4629451642139619e+000, 8.4056456412745351e-001,
       4.9331164539389141e+000, 2.3715919921792589e-001,
       1.6426059608839949e-001, -7.1767554449871165e-002,
       4.2602669564696233e-001, 2.4847811417062488e-001,
       -2.2424806323521431e+000, 2.2625210707394444e-001,
       4.8234439643531593e+000, 4.0045354004403183e-001,
       -3.6889103839689605e+000, -2.2158795699196498e+000,
       8.0701342309218376e+000, 2.7515306250190835e-001,
       -1.4788745153948426e+000, 7.0265493899153908e-001,
       3.6003789905164276e+000, 3.4549980012886133e-001,
       1.0112490798705962e+000, -1.3926494394274931e+000,
       4.3511349250463756e+000, 3.3801149495461486e-001,
       -8.8218752257376698e-001, 5.9433029969699314e-001,
       3.3176133415979479e+000, 1.4043438771911221e-001,
       6.0082657129794881e-001, -6.9230917560231275e-001,
       2.1261198451943351e+000, 3.9420300977622014e-001,
       -1.0381547308019745e+000, 8.3552979982966602e-001,
       3.8496792360655583e+000, 1.1796993668148126e-001,
       1.6996463935093808e-001, -8.6490341921326472e-002,
       4.0436965285700432e-001, 2.6588164754280208e-001,
       1.6095972922007892e-001, -9.5987892134562089e-002,
       3.5539177482062367e-001, 2.7430424743593906e-001,
       -6.4695553583966203e-001, -6.1256048629659721e-001,
       5.3887093710637046e+000, 4.8720446185258115e-002,
       -1.4328121040101667e+000, 7.9153234990543564e-001,
       3.5420979709185030e+000, 3.0777483811311535e-001,
       4.8091366527587326e-001, -9.5987202306897779e-001,
       3.0094389064023868e+000, 5.0385477549032998e-001,
       -1.9579854615973034e+000, -1.7366168335844989e+000,
       6.2162744873116376e+000, 1.2750653741243248e-001,
       -1.7664882659693051e+000, -1.0515614782176081e+000,
       3.2519159911533100e+000, 6.1788296257421105e-001,
       -1.9282192985806006e+000, -1.0838373982150036e+000,
       3.6469062677422555e+000, 5.9377307448385674e-001,
       -8.1409149143490689e-001, 6.2284793507537206e-001,
       3.1021777423204386e+000, 1.4688542867279969e-001,
       9.2807322721274663e-002, -6.1274176548641590e-002,
       2.3351563515892448e-001, 2.0389977964439360e-001,
       -8.8188463285120988e-001, 7.2017235266489221e-001,
       3.3526231556039270e+000, 1.3563277160334142e-001,
       -3.0514604418151254e+000, -1.3764242683434076e+000,
       7.2673141724433581e+000, 2.6860385118831054e-001,
       -2.0914782039708260e+000, -1.1801467421626999e+000,
       4.0399566814606871e+000, 5.7413605507358279e-001,
       -2.2959517339498685e+000, -1.3856199088000218e+000,
       4.5286652030965122e+000, 5.5143385364159447e-001,
       -2.9603960461039120e+000, -1.7163554555737472e+000,
       6.1785216652595842e+000, 4.4732649442170391e-001,
       -1.9278200188328267e+000, -1.6418040514069849e+000,
       6.1297336437601500e+000, 1.2262032691549946e-001,
       -3.1713214871638993e+000, -1.8540744729446561e+000,
       6.7129838648741273e+000, 4.0740966426614778e-001,
       8.2505424041219388e-001, -1.6740247387233476e+000,
       4.8869757410088663e+000, 2.9534705518876325e-001,
       -2.9724641082766761e+000, -1.1863975418199937e+000,
       7.1452087990189135e+000, 2.4483618746167585e-001,
       -9.3474712974501273e-001, 6.5072092143882976e-001,
       3.3469724490319184e+000, 1.5455036234856040e-001,
       -1.3913957602957909e+000, 9.8811539061648368e-001,
       4.6550599204134775e+000, 2.9909605931658936e-002,
       -3.5115818622686301e-001, -1.8143004815463239e-002,
       2.6707184292283133e+000, 1.3275561726883167e-001,
       8.4444684207311244e-002, -5.1286192287643162e-001,
       4.5107169034431713e+000, 1.0112313058860074e-001,
       -1.4139702614930663e+000, 7.8407564302262134e-001,
       3.5845647578143449e+000, 2.8933674010888744e-001,
       -2.1875799102644877e+000, 2.9318779589555749e-001,
       4.5981673706424591e+000, 4.1229783645108531e-001,
       -2.7847327680273279e+000, -1.6043761131931717e+000,
       5.7373006328960763e+000, 4.7818351884510796e-001,
       -1.9083706541051060e+000, -1.5475580994684304e+000,
       6.0660132714007267e+000, 1.1867661096722053e-001,
       -2.2439739928934577e+000, -1.2713519418767973e+000,
       4.4091049908987578e+000, 5.5508682885399130e-001,
       -3.5772911367574571e+000, -2.2757117828924915e+000,
       8.1563316375144392e+000, 2.2389479108610599e-001,
       -1.0845327004475620e+000, 7.3420505118988599e-001,
       3.9989750210459198e+000, 1.0417754680288759e-001,
       5.9133028323203463e-001, -6.8024943826907780e-001,
       2.0818904572319878e+000, 3.9318054738809383e-001,
       6.1677970639069130e-002, -6.3847774842607286e-002,
       1.1590651978815111e-001, 1.8116314800941530e-001,
       -4.1065791698198062e-001, -1.6959517335756213e-001,
       3.2503107137631311e+000, 1.1284354293856591e-001,
       1.6714975400638981e+000, -1.1810848172575921e+000,
       5.6630334528814927e+000, 1.9281003895708168e-001,
       -1.4658443456941326e+000, 7.0166902139690768e-001,
       3.5878633243106761e+000, 3.3281525710489229e-001,
       5.3239833532380731e-001, -2.2325766680788212e-001,
       2.0171610660649124e+000, 3.0134442822169444e-001,
       -2.1345610370992052e+000, -2.1264944212711173e-001,
       5.7470611531216500e+000, 1.1736593543706776e-001,
       -2.5995309086981351e+000, -1.4884578013077263e+000,
       5.2794677702321646e+000, 5.0592940513000750e-001,
       -3.2760130843397288e+000, -1.9239711755457320e+000,
       6.9809957136980767e+000, 3.8570719319149216e-001,
       -1.8896669920221005e+000, -1.4515232254844457e+000,
       6.0069155882640715e+000, 1.1203173848629912e-001,
       -1.8632654035465328e+000, -1.0459177214014388e+000,
       3.4911457029774189e+000, 6.0139790315541553e-001,
       -3.4210385091168727e-001, -3.3057577746196692e-001,
       2.2432131520656933e+000, 1.5729115614494807e-001,
       -3.5453090709417232e+000, -2.1712661644953672e+000,
       7.9175720661655351e+000, 2.6725105757564421e-001,
       -8.5773699370684886e-001, 5.5202359244239541e-001,
       3.3343141832825380e+000, 1.2789137920428004e-001,
       -1.5454183599186089e+000, 5.2258796502874927e-001,
       4.2423509225818190e+000, 2.4629418002465089e-001,
       -1.6111652288679421e+000, 6.7313638823858113e-001,
       3.7829742661073604e+000, 3.5836282065865271e-001,
       -1.8323753231188282e+000, 4.5599641398740620e-001,
       4.5468291039814872e+000, 3.0208852681650999e-001,
       -2.0619789936383173e+000, -2.0776918933213423e-001,
       5.5626694082768182e+000, 1.0519723024003499e-001,
       -3.6209873284435163e+000, -2.2924490210042574e+000,
       8.1207191591265939e+000, 2.4692186710576761e-001,
       -1.5965068482742302e+000, -9.4646636578002807e-001,
       2.8494842900438364e+000, 6.3540517411609487e-001,
       -3.6381939910712546e+000, -2.2507985339075436e+000,
       8.1983922571496066e+000, 2.1769357421775107e-001,
       -2.8756746840808836e+000, -1.6620548125853511e+000,
       5.9652653085316407e+000, 4.6247649247027595e-001,
       -1.2011458624396329e+000, 9.5959351589264730e-001,
       4.5596714195216705e+000, 6.1912910006454838e-002,
       -1.6566320826031151e+000, 6.3647688595907259e-001,
       3.5904224350720062e+000, 4.1566989623854905e-001,
       -1.7011510871422262e+000, 4.9886306380012202e-001,
       4.4310858559563986e+000, 2.7901233373168827e-001,
       -1.4395130607580597e+000, 7.1350140237621096e-001,
       3.6069217990791511e+000, 3.1787340244860629e-001,
       3.6469255848347748e-001, -8.5015425235972844e-002,
       1.4846517457792052e+000, 2.6568634581421308e-001,
       2.8303857968271778e-001, -9.0867665902940015e-002,
       9.0555792612717667e-001, 2.7848923676091347e-001,
       -3.2848471242975035e+000, -1.5248862613734819e+000,
       7.4605682988402062e+000, 2.9101672646774929e-001,
       -4.1949522295196695e-001, 1.0245335192322555e-004,
       4.4156694979828588e+000, 6.6496496005977623e-002,
       3.3813229888469076e-002, 3.1272844220690288e-001,
       1.5610692507917026e+000, 7.5785582495653129e-003,
       -3.4436949305466880e+000, -2.0385656341784975e+000,
       7.4149860272531374e+000, 3.4742229056083107e-001,
       6.5850148720693147e-001, -3.0437022167838673e-001,
       2.2262126655078420e+000, 3.2578161039837428e-001,
       -1.3736152022124535e+000, -7.6699037547345195e-001,
       2.3303854352477642e+000, 6.5448717245786625e-001,
       -3.4892735279412155e+000, -2.1868641237122617e+000,
       7.7489659111483089e+000, 2.9599601106886275e-001,
       -1.3554583957941799e+000, 8.1888361605932480e-001,
       3.4204816152418340e+000, 2.9437433223432702e-001,
       -8.2918602455850021e-001, 5.9140901184995187e-001,
       3.2373655756145077e+000, 1.3322560176358189e-001,
       -1.6548415083377819e+000, -9.2577053082525951e-001,
       2.9939499622776253e+000, 6.2507396918422364e-001,
       9.3768953984549386e-001, -6.4238618873811815e-001,
       -3.3232303287625964e+000, 3.4488165016693523e-001,
       -1.7150367004387066e+000, -1.8532050659603894e-001,
       5.1872295455402462e+000, 3.1378939744396289e-002,
       -1.2490308250659339e+000, -7.3866908774478324e-001,
       2.0328536721351020e+000, 6.7213129695712970e-001,
       -8.2190109448139842e-002, 3.5189687867763497e-004,
       2.4615339532009566e+000, 1.7541311065923432e-001,
       -2.8627856242240153e+000, -1.0949342746290269e+000,
       7.0679351667217993e+000, 2.3120692292129763e-001,
       1.5953821559165067e+000, -1.1254795609303296e+000,
       5.3893211727388151e+000, 1.9281658515427533e-001,
       -1.7335378652945495e+000, -9.7088641354774374e-001,
       3.1811501178461263e+000, 6.1632649761411296e-001,
       -8.1430494281289278e-001, 6.1041469762854006e-001,
       3.0499958719213671e+000, 1.4867654828645988e-001,
       -3.5239829994288154e+000, -2.0948934068398453e+000,
       7.6255422360571501e+000, 3.2693349271123623e-001,
       3.7096636242216396e-001, -5.2997756287111686e-001,
       -1.8183970337884503e+000, 4.5112288058269640e-001,
       -1.5909443607548632e+000, 6.1175921212409201e-001,
       3.7922610944889641e+000, 3.1882983959912969e-001,
       1.0589655880915338e+000, -1.3937759574223914e+000,
       4.2635557294691333e+000, 3.4192563381302427e-001,
       -2.9423693525594325e+000, -1.9049096502822083e+000,
       7.1775899080105683e+000, 2.5692842721764031e-001,
       3.3873236623808656e-001, -9.1439206918589908e-002,
       1.3570549633576281e+000, 2.7144409782381074e-001,
       -3.6576264795477842e+000, -2.3532572428289189e+000,
       8.4136616460089435e+000, 1.7028231676088920e-001,
       -1.9886302863868921e+000, -2.5467944194943154e-001,
       5.5277508773608224e+000, 7.5353413475729367e-002,
       1.7443806991555050e-001, -5.5275897938122723e-002,
       5.3650720379875216e-001, 2.3517591682212050e-001,
       -1.3805020026679005e+000, 7.1404852715601697e-001,
       3.5595152801774752e+000, 2.8976333297607293e-001,
       6.8745456524461146e-001, -8.0598777054546655e-001,
       2.6097273894979711e+000, 3.0675835381215194e-001,
       -6.7677075159772915e-001, 3.6393017049731363e-001,
       3.7380530288225069e+000, 9.6556412614919596e-002,
       -1.6196038003283280e+000, 9.6314860908396793e-001,
       5.3371800437053372e+000, 4.9406770342331034e-002,
       -2.1756323993880482e+000, 2.3281435914273552e-001,
       4.6413981608825914e+000, 4.1399498227094134e-001,
       -3.6795482203821712e+000, -2.0509037666377443e+000,
       8.1129545668148886e+000, 2.3282058516090084e-001,
       5.1785216533603892e-002, -3.7781625208747539e-002,
       9.4137994139761927e-002, 1.3198214704169339e-001,
       -2.1159955121423408e+000, 3.9122742391680754e-001,
       4.5327247311147261e+000, 3.9254146222084441e-001,
       -6.5784055723897494e-001, 3.5394289903409121e-001,
       3.6102874662236024e+000, 1.0270762911704036e-001,
       -7.6556172641455339e-002, -1.2495059375252915e-003,
       2.3470957480929600e+000, 1.7175598816666557e-001,
       -3.4091757849689834e+000, -2.1253187709372741e+000,
       7.5269465403726876e+000, 3.2222353518213837e-001,
       -1.5243622157274848e+000, -8.5168718452397096e-001,
       2.6849400750233410e+000, 6.3916244865867644e-001,
       -8.9521705467168838e-002, -9.8326460995851184e-004,
       1.8397835310441346e+000, 2.7100494701606676e-001,
       -2.5166111135489611e-001, 1.4456934754174905e-001,
       5.3179240054399806e+000, 4.3485681580665486e-002,
       -2.1357269052386494e+000, 3.9307244394067437e-001,
       4.8020163620207041e+000, 3.6316807214218555e-001,
       -1.1678243615203325e+000, 6.0291231290784664e-001,
       3.0704131055791275e+000, 1.8249661336487569e-001,
       -8.3888620641880940e-001, 4.3939082194033863e-001,
       3.5943451563591493e+000, 9.8749007728390070e-002,
       -3.6674126795339967e+000, -2.3326102255463557e+000,
       8.2581546378605211e+000, 2.2424519546788615e-001,
       -1.7930128291611382e+000, 4.4128326451228267e-001,
       4.6758975089761003e+000, 2.7844802803962865e-001,
       -1.9984157102294620e+000, 2.9563826168097757e-001,
       4.8010296605181750e+000, 3.1890789566777211e-001,
       -7.5518018139971499e-001, 6.1966512568741106e-001,
       3.0198279673046566e+000, 1.4081387824456762e-001,
       -9.9593430832253294e-001, 5.2296375730088862e-001,
       3.6272862801072590e+000, 1.1917817688400115e-001,
       1.1438246561718585e-001, -8.0761711441984921e-002,
       2.5058644617872705e-001, 2.3932812505499887e-001,
       1.0612740800382343e+000, -1.4161664711349973e+000,
       4.3535770668889224e+000, 3.3431532584165136e-001,
       7.6361554485511485e-001, -1.0103545308420370e+000,
       -3.0934881035130810e+000, 4.2205685755956690e-001,
       -3.7577542872576704e+000, -2.4164139091928130e+000,
       8.5343757497957391e+000, 1.7145772306413010e-001,
       -1.2564269510305317e+000, 8.4929868444344625e-001,
       4.7916500190010618e+000, 4.1410518152395760e-004,
       -1.4720341150971510e+000, -8.2222702431057482e-001,
       2.5615148233283738e+000, 6.4466092236694839e-001,
       -2.5270225701398797e-002, 3.6340860250243789e-001,
       1.4794282046841789e+000, 3.2551684523463957e-002,
       -3.3158505417561696e-001, 6.0829789831333647e-001,
       4.4091089907293082e+000, 2.2116249802413869e-002,
       -3.2772110425678957e-001, 6.0045609295779478e-001,
       4.3299942126232214e+000, 1.4393636906215024e-002,
       -1.5834919995726078e+000, 7.1799656967443870e-001,
       5.3447154003302204e+000, 9.8087467270676201e-002,
       -1.3123268518429407e+000, 6.9568050819750105e-001,
       3.4443495796559453e+000, 2.6509944552527148e-001,
       -5.8519901935430640e-001, 5.7397942756592724e-001,
       2.9142389146897578e+000, 1.4435715480730368e-001,
       -2.0114104494295718e-001, 4.7727000378325712e-001,
       2.6392221712982202e+000, 8.0839573726702238e-002,
       2.1832378660506771e-001, -8.7783901671410328e-002,
       5.7496242378387352e-001, 2.7665017286801719e-001,
       -9.0812274379794600e-001, 4.9625540667946177e-001,
       3.5772771422075103e+000, 1.1203969278328341e-001,
       -1.2647287649967687e-001, -2.4272848833038058e-001,
       -6.8112336607414048e-001, 4.9891698533014527e-002,
       -2.0072006538489364e+000, 4.2330494630941501e-001,
       4.7115592938155970e+000, 3.3493220244533500e-001,
       -6.8147877471664009e-001, 3.9754681529044811e-001,
       3.5844022129735453e+000, 9.9595874790502553e-002,
       -5.8497318462492642e-001, 4.0480772552563971e-001,
       3.4579160559292319e+000, 9.7926259529146381e-002,
       -7.3501629287629955e-001, 4.5961406432198426e-001,
       3.4560931675427233e+000, 1.0373012407859138e-001,
       -1.9361251259278373e-002, -1.2880053357511345e-001,
       -2.6346346640820761e-001, 1.8961392659405485e-001,
       -2.7101036777596643e-001, 5.9560383180723342e-001,
       4.2104621687587276e+000, 1.9936987257715349e-002,
       -1.7707888138223167e-002, -1.2214276986813494e-001,
       -2.4863404236177655e-001, 1.6915074765654839e-001,
       -1.7189184079947712e+000, 3.1852990011214222e-001,
       4.6056873535581229e+000, 2.6114353762908887e-001,
       -4.6327677776888745e-002, 2.4207420940404167e-001,
       1.2313392755511456e+000, 1.4930895013954348e-001,
       -8.0556108833963735e-001, 7.4522197763024633e-001,
       2.8314380417956388e+000, 1.9808811137273616e-001,
       5.9749561694063112e-002, -4.7284184379959210e-002,
       1.2324161389206967e-001, 1.5616640645890512e-001,
       7.4992301949623974e-001, -1.6834894712440631e+000,
       5.0459120115646350e+000, 2.7248969403709888e-001,
       -1.6057354047829109e+000, 8.3158483453491538e-001,
       3.1958104710212920e+000, 4.3381809168313906e-001,
       -1.0930760637130252e+000, 8.3205152980779562e-001,
       3.0278671069442522e+000, 2.3787252711192353e-001,
       -2.1053206997346088e+000, -2.6841227972650489e-001,
       5.6625915804978426e+000, 9.0616429424147604e-002,
       -1.6873015945267942e+000, 5.0614292095107816e-001,
       4.4069129954329149e+000, 2.7982619855990915e-001,
       -2.8207219806697372e+000, -1.1919942989056855e+000,
       7.1080908113229926e+000, 2.0689855699972157e-001,
       -1.3893698110796988e+000, 8.4802163518353080e-001,
       3.2007472365252010e+000, 3.1789540106240616e-001,
       4.4273319767775515e-001, -1.1368503201885588e-001,
       1.2716939786863262e+000, 3.0063316263929063e-001,
       4.0534432310715873e-001, -1.2413694431150561e-001,
       1.4038179787946827e+000, 2.8921472025905393e-001,
       -2.0567625038256587e-001, 4.0941530497115292e-001,
       2.7090235237172582e+000, 6.8381816710365917e-002,
       -1.1681563742285749e-001, -1.8320365855964477e-001,
       -6.2893581482186611e-001, 2.4068186437568426e-001,
       -1.4769229831822606e-001, 5.4759692628645107e-002,
       2.7345004193385414e+000, 2.8993912542751965e-001,
       -1.4779808371781493e+000, 8.5673346623010649e-001,
       3.4266285447854656e+000, 3.1910246941094117e-001,
       8.5983718713958476e-002, -6.2208099625764651e-002,
       2.1317630288673151e-001, 2.0070994305841316e-001,
       -3.4941344012566933e-001, 4.9187228055633153e-001,
       4.0566254009571407e+000, 2.1318459730084086e-001,
       -1.5437069157674441e-001, 5.7556876989079617e-002,
       3.8784260893081699e+000, 1.5278826786628907e-001,
       -1.0965569159856636e+000, -4.1184698924132934e-001,
       2.2241040352521759e+000, 4.5793932317679586e-001,
       2.1582184243853478e-001, 2.6677019761735615e-002,
       1.0097647662913949e+000, 1.8503813267566990e-001,
       -9.5322857476266154e-001, 6.5023746089205048e-001,
       3.4064014773579503e+000, 1.7096269636697001e-001,
       -1.4270243557751069e-001, 4.6624567373959980e-002,
       2.6298878313670047e+000, 2.9091638509030637e-001,
       1.0255705575233962e-001, -5.6879616878410155e-001,
       -1.8723803717653853e+000, 2.9080533779088019e-001,
       -1.7449212868824406e+000, 5.9790321159883164e-001,
       4.0011932928583471e+000, 3.8273403174880338e-001,
       7.0257605483778163e-001, -5.3051374079409674e-001,
       -2.6593682904108440e+000, 4.2278612491248374e-001,
       -1.9062205665799645e+000, -1.6121325387336962e+000,
       5.7161589148077638e+000, 2.2695681485576186e-002,
       -4.9963142473718558e-001, 5.8714876738701283e-001,
       2.5974309835838034e+000, 1.5833335639358898e-001,
       -1.6564796799758918e+000, 8.8970322380070666e-001,
       3.4058659107732243e+000, 3.7823931453169701e-001,
       3.9613541695523531e+000, -1.6021608448890667e+000,
       -9.1236208149513462e+000, 1.1384545651081313e-001,
       -1.0034995165702745e+000, 1.6646319123287251e-001,
       4.0279302594220709e+000, 2.5938489869893531e-002,
       -9.0076089600591913e-001, 7.4570021834021127e-001,
       2.8314485046794999e+000, 2.0430135509101155e-001,
       -1.9980247490759315e+000, -2.0707983280882455e-001,
       5.4120501539205303e+000, 8.4315305124148032e-002,
       -4.3966692983658892e-002, -1.4170621547458664e-001,
       -3.4980445231045504e-001, 1.6398575223194514e-001,
       -5.5325338214524589e-001, 8.5903337377806477e-002,
       7.5481998857316024e-001, 4.8225516921454398e-001,
       -5.0902809088373357e-001, 5.3037840229849897e-001,
       2.9975171829611256e+000, 1.2443007630303711e-001,
       -3.1193400836553115e-001, 5.1429432946331111e-001,
       1.6137589226042190e+000, 7.0797190282431532e-002,
       5.6262026700488588e-001, -1.5775001504689140e-001,
       2.2972754717825685e+000, 2.2963555868643953e-001,
       -1.8228916264360301e-001, -7.0096562425727726e-001,
       -3.5865462935839498e+000, 2.0798729377208250e-001,
       -2.9664121406352404e+000, -1.3648603624562137e+000,
       7.4763972170410860e+000, 2.1388668760282672e-001,
       -3.2671059600746422e-001, -1.0840200384130951e+000,
       5.8277825877097928e+000, 3.6658938659969650e-002,
       -1.8791122650341052e+000, -1.3787245212177899e+000,
       5.9828415415672556e+000, 1.0135579497093360e-001,
       6.8986937539941923e-002, -2.1068405992621100e-001,
       -8.7721684256259502e-001, 5.9539274637030759e-001,
       -1.4971101315828923e+000, 8.5262246154167354e-001,
       3.4118291982504836e+000, 3.5587547240765477e-001,
       -1.9687637930579540e+000, -4.9244046947364983e-001,
       5.8756322101963026e+000, 1.4358174556285722e-003,
       -1.1702442837680085e-001, -1.7960615412720837e-001,
       -6.1807163360684081e-001, 2.3988687389550348e-001,
       -1.0273035340179368e+000, 5.7765993248207614e-001,
       3.2855130237277788e+000, 1.6606928005170771e-001,
       -1.4127220325157930e-001, -6.5870121055091735e-001,
       -2.8018740930807930e+000, 2.6124617263559285e-002,
       -1.3854926979569933e+000, 7.7130135335507399e-001,
       3.5218228806432865e+000, 2.7985710812481013e-001,
       -2.8807772530447050e-002, 3.8417857182998916e-001,
       1.5570788173379380e+000, 3.9663340304696461e-002,
       -1.2585588241932411e-001, -3.5471266427100900e-001,
       1.7000207551959914e+000, 9.3618188918647108e-002,
       -2.3919709182377644e-001, 4.9226397785198761e-001,
       2.5864946453505873e+000, 9.8142008526909685e-002,
       -1.9502174399671222e+000, 4.1523327674811050e-001,
       4.5903797894608429e+000, 3.1999368719988774e-001,
       -5.5621605806140312e-002, 3.8988431053318984e-001,
       1.7541886090280370e+000, 3.5366989968410402e-002,
       -4.3056102599194346e-001, -9.5116788842374889e-001,
       5.7431386095466648e+000, 3.7585098265940399e-003,
       2.7589477255243605e-001, -4.7332741599325701e-001,
       1.0023423335623733e+000, 5.0622168832220926e-001,
       8.3129892028840385e-002, -1.3848216940753827e-001,
       3.8870477659629930e+000, 8.0683325727942581e-002,
       -9.4024199994119151e-002, -1.8320094155346597e-001,
       -7.1546559974088086e-001, 3.4100011385230045e-001,
       -2.8198661137089492e-001, 6.1102581781316512e-001,
       4.5976613484399218e+000, 1.0339065841500708e-001,
       -1.2899351887101420e+000, 7.7604665420505436e-001,
       3.4656633413526432e+000, 2.4668969631932591e-001,
       3.6302756268398667e-001, -7.0871400346238581e-002,
       1.4434764447580051e+000, 2.5547907076256376e-001,
       -3.1274905385003449e-001, 5.6335988638738599e-001,
       3.9574316340492723e+000, 2.5790808441788469e-002,
       -1.2571561626006095e-001, -3.5555973131276120e-001,
       1.7038186580518393e+000, 9.2983750772815163e-002,
       -5.8739435950434460e-001, 3.8359973264151881e-001,
       1.8100841418934168e+000, 2.5236796809575490e-001,
       -2.7656757205786026e-001, -8.1475361143909672e-002,
       -5.3776816245332759e-002, 5.7961397205962173e-001,
       -8.2387831027189828e-002, 3.6217524657230116e-001,
       1.5483145807172596e+000, 7.7523006514129134e-002,
       -1.3053674499840323e-002, -1.0957474280290333e-001,
       4.3036773214182145e-001, 2.7276813058639365e-001,
       1.0040811792655774e-001, -6.7851771047187120e-002,
       2.4025187433471018e-001, 2.1591208164063203e-001,
       2.9248604600736486e-002, -3.6674555827519884e-002,
       -1.2332426736463551e+000, 5.9625621729408629e-001,
       -1.7429743614368578e+000, 8.3678627544742135e-001,
       4.9103635361399487e+000, 3.8479365733895432e-002,
       -1.7235095840944279e+000, 6.4262849041692327e-001,
       4.0510177739876685e+000, 3.7050779111911808e-001,
       -7.8715220656699447e-001, 5.4079460678001645e-001,
       3.4697176252000772e+000, 1.1560323788748650e-001,
       -1.2533296747718294e+000, 8.3009091754841424e-001,
       4.8181268887675834e+000, 8.3759524234776409e-003,
       1.0029201320123499e-003, -2.2797485315000651e-001,
       -1.4641182973453515e+000, 3.9090760106263178e-001,
       -1.5646784360635100e+000, -1.2645578088898031e+000,
       4.5733374704210394e+000, 7.5179903241593043e-002,
       1.0138693193639636e-002, -9.3236275703444449e-002,
       6.0733746912933229e-001, 2.5897424766501520e-001,
       1.2454971790338998e-002, -9.2201971904857655e-002,
       -1.1517458485542861e-001, 1.5837677191712679e-001,
       -3.8087764059647716e-001, 3.8339194946527433e-001,
       1.1985645403729364e+000, 8.7999822975971670e-002,
       -6.8295191732119384e-002, 3.9234450378482888e-001,
       2.1016342984996959e+000, 2.8718852055849335e-002,
       -1.9482654029167923e-001, 4.7803245951673223e-001,
       2.6675882856021591e+000, 6.3247326432151807e-002,
       -6.9336054647451806e-001, 4.6162219837630025e-001,
       2.2648073773524917e+000, 2.3781377549588076e-001,
       -2.5882414046007474e-001, -1.2869499544542438e+000,
       5.9170165021677761e+000, 4.8799506731938787e-002,
       -1.4184331196364219e+000, 8.0519343318603109e-001,
       3.4947858031390746e+000, 3.0711901270261838e-001,
       -1.4202597119412963e+000, 7.7853112804206503e-001,
       3.6179958795914775e+000, 2.9581668750105017e-001,
       -5.7290057985834930e-001, 6.3657914721141151e-001,
       2.8320129382607995e+000, 1.4892053788253320e-001,
       1.7638351117987192e-001, -5.9315023757279414e-002,
       -4.0400825358533385e+000, 3.8918786233119634e-001,
       -1.1432002148754331e-001, -1.5776031630180054e-001,
       -4.6609141184478131e-001, 3.7240856394536642e-001,
       -1.2335922903591185e+000, 6.3721063577221015e-001,
       3.1847855787433974e+000, 2.3986618271092738e-001,
       -1.1320226903846726e+000, 7.1411335350707039e-001,
       3.1810950208906048e+000, 2.3382717826828425e-001,
       -1.3070587577741705e-001, -3.3327067124437802e-002,
       -9.8010816512662940e-002, 2.7576779512047983e-001,
       -1.3520102013102846e+000, 8.3688158523470768e-001,
       3.3836948357460397e+000, 2.9960390121802299e-001,
       -6.2036737620830174e-001, 5.3159876954965424e-001,
       3.2320387394197239e+000, 1.2833915811621391e-001,
       -2.1142330005296448e+000, -1.8444701991430161e+000,
       6.4242995738391651e+000, 1.1141559632966257e-001,
       -2.7416502036648510e-001, -8.3017852409870335e-002,
       -5.9702033984925296e-002, 5.8011555676608062e-001,
       2.2060738779833575e-001, -4.3026806263145934e-001,
       -1.4556957759151052e+000, 4.6833262662698383e-001,
       -2.2054738731887458e+000, -1.9373088096138937e+000,
       6.7162992589088049e+000, 1.3639107398582573e-001,
       3.2965407381330136e-004, -8.9185123012640324e-002,
       -1.5141486758967301e-001, 1.2691176409808166e-001,
       -1.9036459250578983e+000, 3.7573641503349919e-001,
       4.9417447695517183e+000, 2.9743480944128903e-001,
       -8.2405088628107193e-002, -1.7282191814954320e-001,
       -4.8828414441754053e-001, 1.5989567090811613e-001,
       -7.0239032250833011e-001, 5.0694854478213047e-001,
       3.3928664545483653e+000, 1.2391288950025908e-001,
       -6.7747194560700030e-001, 6.3984117498092763e-001,
       2.8663075772600490e+000, 1.5642261693601550e-001,
       -7.6805230951560377e-001, 4.1413392357168644e-001,
       3.6175847112508959e+000, 9.4865745623706241e-002,
       -1.2035710409569383e-001, -1.1705343051948591e-001,
       -4.5616986733164894e-001, 4.3689172043356200e-001,
       -4.7468412666439761e+000, 3.8867168504842740e+000,
       1.3393919204945473e+001, 2.4858227234921818e-001,
       -2.0836812869100081e+000, 4.3018119285504769e-001,
       4.8549144479360535e+000, 3.6630154675407978e-001,
       -3.1781694342744236e+000, -2.1413016088709558e+000,
       7.9922983957751654e+000, 9.8310979544284971e-002,
       -8.2349236324930852e-001, 3.6499817940117618e-001,
       1.7089286600293683e+000, 4.1280938599321271e-001,
       -4.4393737537722827e-001, 6.4624219314747611e-001,
       1.9502255998687552e+000, 1.9650261982375211e-001,
       -7.4776286908442602e-001, 7.0510473013126784e-001,
       2.8680672038710409e+000, 1.6800476835310382e-001,
       1.2221243202239707e-001, -5.6813125504282150e-002,
       5.3887960873372243e-001, 2.3329094357683863e-001,
       -8.6209689600642658e-001, 6.8625239878305522e-001,
       3.0178452593226437e+000, 1.9870404892601937e-001,
       5.0981217301331067e-002, -2.0514054198981491e-001,
       -8.3517950235520244e-001, 5.9542494213982489e-001,
       -1.1804369160345171e-001, 3.9036414125258484e-001,
       2.1406212581085033e+000, 6.6131295350922811e-002,
       -1.4064009059571286e-001, -3.8917801043895794e-001,
       -1.2352020661749439e+000, 1.2220945030636812e-001,
       -2.7895148916368750e+000, 1.3579550291875000e+000,
       7.8475802036572642e+000, 2.3876138832167731e-001,
       -2.5596330757101368e-002, 2.1113431476088079e-001,
       1.0245999638872567e+000, 1.0339386445864511e-001,
       -6.1920148000809516e-001, 2.5479726515826734e-001,
       9.0627535988625230e-001, 4.3387613113563295e-001,
       -1.6102787611007621e+000, 9.0065859973066731e-001,
       3.4849573012452177e+000, 3.1789913469448972e-001,
       -4.8790577836095821e+000, 2.7713428922382843e+000,
       1.2490029308560272e+001, 4.0566138895216659e-002,
       1.9304595200130607e-002, -8.5631036432645788e-002,
       -8.4600119284222314e-002, 1.5740439992726746e-001,
       -2.0389932161588993e+000, 4.0750676212953313e-001,
       5.1501244964921709e+000, 6.9280386379856160e-002,
       -2.8566402768898042e-001, 1.7983496557561712e-001,
       5.3353862701460857e+000, 4.2755940189246659e-002,
       -1.1892908510890281e+000, 7.4189764282974502e-001,
       2.7654726329686774e+000, 2.7036946488383651e-001,
       -1.9750871216060057e+000, -3.3886533362279159e-001,
       5.5390146318886231e+000, 4.9164403321569197e-002,
       -2.8391302112972572e-001, 5.0184205322773923e-001,
       3.4708567963942931e+000, 4.6974817533271561e-002,
       -1.0945253207393970e+000, -4.1206373351553699e-001,
       2.2063817637623804e+000, 4.6620458119365232e-001,
       -3.6808083507727643e-002, -4.2386686783583644e-001,
       -1.7852849429340809e+000, 1.7037017606188123e-001,
       -1.2849450188355455e-002, -1.1084233348712941e-001,
       4.3153698701645504e-001, 2.7450567870792680e-001,
       -1.2539474110624124e-001, -1.1156393888247423e-001,
       -4.3103047761157443e-001, 4.3509939719705754e-001,
       -1.9025483102621177e+000, -1.4196606562528640e+000,
       6.0377865267166824e+000, 1.0448727163087043e-001,
       -7.9325258102966212e-001, 5.5112217481045489e-001,
       2.6834585783627318e+000, 1.9370606340996663e-001,
       9.6926057863854359e-002, -2.1912522116520067e-001,
       -9.4238295619785672e-001, 5.9524441735250866e-001,
       -1.2989041270557006e-001, -2.5156208185537371e-001,
       -8.5831557637700817e-001, 2.1142772244202065e-001,
       8.3834286563050045e-002, -2.7922207556941969e-002,
       -1.3049700877728918e+000, 5.7844984260996513e-001,
       -9.4882485984909160e-001, 3.9445249879648814e-001,
       2.3225158371559678e+000, 1.4205827120135112e-001,
       -3.3359283892033513e+000, -1.4470729690178576e+000,
       7.4587653119244646e+000, 3.1913869439494974e-001,
       -2.8060657786335255e+000, -3.2617173076792805e-001,
       5.9927368409275807e+000, 3.7578570877461448e-001,
       -5.3393543464685522e-001, -5.7726601605562111e-001,
       -2.3847301794862075e+000, 4.6859960620029818e-002,
       -1.0534729904741367e+000, 3.5554059160205369e-002,
       4.3253390936621248e+000, 2.9437264732328221e-003,
       -1.8037803508527985e+000, -2.8850218182628362e-001,
       5.3775274482439546e+000, 3.0882624732763621e-002,
       8.1943613744113963e-002, -1.7504025178922133e-002,
       2.7398329686504702e-001, 1.4844679969509730e-001,
       -1.6282172420649137e+000, 9.8780270624469946e-001,
       5.3375503420237624e+000, 8.5583535155786690e-004,
       -1.9206648880620989e+000, 2.7301818866446487e-001,
       4.4945593638060810e+000, 3.8141646427684739e-001,
       2.8696252827480540e-001, -8.7260274928072715e-002,
       9.1699318346539860e-001, 2.7460222489732822e-001,
       -2.9754070859156834e-001, 4.5399845252372323e-001,
       2.8585404608371876e+000, 1.1591175622088254e-001,
       -2.2272336155427694e-001, 4.8629274431864544e-001,
       2.4030690501792309e+000, 9.9246385541882212e-002,
       -1.2966006594634008e-001, -2.5505485471645006e-001,
       -8.7005606427234761e-001, 2.1166313219432703e-001,
       -2.1856327734085329e-001, 3.4414909700874163e-001,
       2.2540352537414488e+000, 1.0666709118152704e-001,
       -2.7428900052960969e-001, 4.9669627891545398e-001,
       3.5077131806483703e+000, 1.5091240183960020e-002,
       -2.9264601676014745e+000, -1.2684995400856938e+000,
       7.0700494366329192e+000, 1.9003754124862124e-001,
       1.1017115889653949e-001, -4.9404020912564517e-001,
       -1.5975349171420188e+000, 2.2605192851975872e-001,
       8.8789646225988239e-001, -1.4245977129548373e+000,
       5.1573623301990157e+000, 2.5304291806842721e-001,
       -2.1979207265291176e+000, -1.1777377763376471e+000,
       5.5961931797892346e+000, 2.9295085675243127e-001,
       -1.6109496044303022e+000, 8.5939092563526165e-001,
       3.3295967300187743e+000, 4.1297586160324518e-001,
       -5.6261293235951859e-002, -2.1931182930496212e-001,
       7.0138627329774939e-001, 2.3678397377102786e-001,
       -6.2065322489655173e-001, 2.5667532913745261e-001,
       9.1315601747717601e-001, 4.3169784766178237e-001,
       -1.9078363587737379e+000, 4.0625258684522469e-001,
       4.8987124641518767e+000, 3.0084621017126700e-001,
       -1.4801076234314052e+000, 8.4696790395883559e-001,
       3.3835326031916977e+000, 3.4721350413730412e-001,
       -1.7630837015814029e+000, -9.0584671567686947e-001,
       3.2777120465720877e+000, 5.9144594097217684e-001,
       -1.9103695770926843e-001, -2.6837412705337288e-001,
       -8.2060751632177764e-001, 1.2804256168972661e-001,
       -2.1405660141338725e+000, -1.8871285157474502e+000,
       6.5272542573790080e+000, 1.4284307167222374e-001,
       1.8153403519892697e-001, 7.2015698505472653e-002,
       -1.7717123455580910e+000, 5.5079470441873213e-001,
       6.1078358083457829e-001, -8.5826850649905440e-001,
       -2.5359717753764359e+000, 4.0830148036014263e-001,
       -1.7500915108580584e+000, 5.3397646204508498e-001,
       4.1825060054501542e+000, 3.2882522772107042e-001,
       -1.0285705607610502e+000, 7.9836284131644075e-001,
       2.3349047439524244e+000, 1.7395494627333435e-001,
       -1.5210644180657886e+000, 7.4617113227214682e-001,
       3.9236558870737168e+000, 3.0569875672091168e-001,
       1.8808759618761425e-002, -9.6802410081254092e-002,
       6.5614558708843473e-001, 2.6291388027442236e-001,
       4.6004431482136558e-002, -5.1947677657137703e-002,
       6.9105500713053339e-002, 1.4572298081302287e-001,
       2.7594398922069713e-001, -7.7709422887990987e-003,
       7.9194912151483843e-001, 1.8380545515721042e-001,
       1.9373403955915242e-001, -4.9970423028341604e-001,
       -1.7826661268399207e+000, 3.7243987712956578e-001,
       -2.2460128343882735e+000, -1.9837332931249390e+000,
       6.8507352711824065e+000, 1.5547315918311441e-001,
       2.3122549981029683e-001, -4.0196947007485984e-001,
       -1.2342553257080486e+000, 5.3606852096315161e-001,
       2.8504024632405789e-001, -4.7946291038071936e-001,
       -1.6180339300937008e+000, 4.5786044498532652e-001,
       -1.2486499475386483e+000, 7.7917821011750721e-001,
       2.9336063959673293e+000, 2.5992223510315049e-001,
       -1.3518479478886776e+000, 8.2074726341532378e-001,
       3.3016850189348275e+000, 3.0005971114290164e-001,
       1.8888348838334058e-002, -2.8228441196994174e-002,
       -4.4661141951663132e-002, 6.5663853898439775e-002,
       5.6319963540859841e-001, -4.7173384553528486e-001,
       -1.9227110834645402e+000, 5.8700020510020401e-001,
       -7.8807053814364081e-001, 6.0065037446736991e-001,
       3.6056920086554811e+000, 1.0963646785006174e-001,
       -7.2101829226768488e-001, 6.8232606241267457e-001,
       2.7767424279897055e+000, 1.5840267726212851e-001,
       -1.7940735257416729e+000, 3.3019672024552682e-001,
       4.8183356097327330e+000, 2.6334876111386063e-001,
       -1.3744755748585336e+000, -7.9652976684804899e-001,
       2.5341198021848128e+000, 6.2014656690044623e-001,
       -2.5867081915918799e-001, 4.4980357392080950e-001,
       3.0763342375863374e+000, 5.8635953634419112e-002,
       -1.4571537204851452e+000, 6.5019864511006165e-001,
       3.8302783088081318e+000, 2.6321081490588405e-001,
       -8.5449217730967986e-001, 6.1982508597954034e-001,
       3.1816927798039982e+000, 1.5272967938739290e-001,
       -2.4326290593207514e+000, 4.9039206713448713e-001,
       6.1238499058201139e+000, 1.0060248287914265e-001,
       -1.2666404062348402e+000, -7.0817831736917825e-001,
       2.1174700081007134e+000, 6.5925490588909896e-001,
       6.2260469100284355e-001, -8.0807520053360471e-001,
       -2.3417778162982863e+000, 3.2584030253300955e-001,
       -3.3131724449929700e-001, -1.4185265850166801e-001,
       6.3343427803623675e-002, 6.2259530831805210e-001,
       -2.9133358009115645e-001, 4.8052807833600331e-001,
       1.4943747171338952e+000, 7.4863144045964378e-002,
       1.0217766605942948e-001, -3.4724431396282035e-002,
       3.5696563978395823e-001, 1.8525772283880315e-001,
       -3.5348646766960012e-001, 5.2937903927525753e-001,
       1.6342462369525161e+000, 8.8222048527893768e-002,
       8.7588382180849772e-002, -2.4510449102419618e-002,
       -1.3217947985941743e+000, 5.7752786327091399e-001,
       -2.6453099874710878e-001, -9.0817807767957101e-002,
       -9.2754239103624445e-002, 5.8919068973825595e-001,
       -1.7226991689814848e+000, 8.1248173623767839e-001,
       4.8639533298633388e+000, 7.0703892455127398e-002,
       -7.8967326053467268e-001, 4.7946454629668778e-001,
       3.4732550243500171e+000, 1.0935734553845709e-001,
       -9.6575963976917190e-001, 4.0172673210560150e-001,
       2.3588869894336306e+000, 1.4829729305719816e-001,
       8.1639867924233639e-002, -6.5751122024454392e-002,
       3.4335463739355576e-001, 2.1788815871971984e-001,
       -1.9007866543059834e-001, -8.2078035150443740e-001,
       3.8250638515051048e+000, 1.9176458852437208e-002,
       -1.4383697699314233e+000, 6.3835523162124841e-001,
       3.6979505447023246e+000, 2.8273798994588489e-001,
       2.1033640366619646e-001, -6.4984638842085740e-001,
       -2.0187905076757469e+000, 3.7334599353389830e-001,
       -1.4800150602096823e-001, 6.8289074443819528e-002,
       2.4932085341612282e+000, 1.2507903947330171e-001,
       -2.8913364935362285e-001, 5.2870119674530969e-001,
       3.7919379659513655e+000, 5.5576098469613065e-003,
       -8.4225448751081256e-001, 5.2927927705008537e-001,
       2.4436344386578819e+000, 2.3367083908529054e-001,
       -6.2977998263028773e-002, 2.2873593476103771e-001,
       1.0510663142030516e+000, 8.4511603493152621e-002,
       -2.2977098564482956e+000, -7.0214027294808712e-001,
       6.2273745282810680e+000, 7.4180189186211304e-002,
       -2.7615856830396841e+000, -1.8116851378416241e+000,
       7.4018226961362323e+000, 3.0227436198603946e-002,
       -4.4833921083632683e-002, -8.9768423889583226e-001,
       -3.8772283931024161e+000, 2.2102926609843349e-001,
       -4.7288047921029419e-003, -7.0158943099506010e-001,
       -3.2210257368760482e+000, 2.2711451784871090e-001,
       -1.8517456595881127e-001, -2.4322825855958066e-001,
       1.5646407735265795e+000, 1.3834908285577030e-001,
       -2.5352467493835467e+000, 1.2395461584509622e+000,
       7.1443521360608866e+000, 2.1545388700837095e-001,
       -1.7497814972855852e+000, 8.5431266474474032e-001,
       4.9114906838643089e+000, 2.8732915667328712e-003,
       -1.8176126629975092e-001, -3.6050005852733713e-001,
       -1.0163263596644783e+000, 6.4556534669987398e-002,
       -1.6455002764476151e-001, -2.0620311666048430e-001,
       -6.6666214179999916e-001, 1.2765756987982749e-001,
       -9.1499102518460940e-001, 5.3878934942751755e-001,
       3.4824994123248096e+000, 1.2722319782710548e-001,
       -4.8753108651683821e-002, -6.2613290056973625e-001,
       -2.7827090441816820e+000, 1.9240187610156312e-001,
       -7.9261033749544163e-001, 3.7641285996494867e-001,
       3.5223686010218218e+000, 6.0198988838904947e-002,
       -1.5405532304525257e-001, -1.9926341969571598e-001,
       -7.2010121547697303e-001, 2.6233728147341101e-001,
       -1.2416514511724965e-001, -2.9276520140784790e-001,
       -8.8218031901536298e-001, 1.6734277900831848e-001,
       -5.2856163246532556e-003, -2.7762778338845046e-001,
       6.1636088734061872e-002, 5.2261848985401471e-001,
       -2.8643444709790176e+000, -1.0991881171946121e+000,
       7.0640527454688264e+000, 2.2723411091696732e-001,
       -8.8577163426408492e-002, 3.9869623904982454e-001,
       1.7150794940062726e+000, 7.8666515349481159e-002,
       -1.7609945484594898e+000, 5.1846976515335708e-001,
       4.1877005820420887e+000, 3.2732432911611709e-001,
       -1.0532170181955909e+000, 4.2705713666343836e-001,
       2.5866484370562386e+000, 1.8300653015969359e-001,
       -2.1312891729870334e+000, 4.0016883735923509e-001,
       4.3594775868072686e+000, 4.2438591951759114e-001,
       -3.5401776169332200e-001, 5.8032642290722003e-001,
       3.7733813999373584e+000, 6.8793179399832899e-002,
       -1.7060531494147089e+000, 3.9793010740428503e-001,
       4.6741525184429538e+000, 2.5472640402736535e-001,
       -1.6422748455205499e-001, -2.0665058799949368e-001,
       -6.6640557388751165e-001, 1.2817890851502206e-001,
       -6.3601309612111068e-001, 4.2565192146115116e-001,
       1.0863504405777391e+000, 3.9593193105173591e-001,
       3.2803896183709591e-001, -4.4545696922593714e-001,
       -1.4861673445673831e+000, 5.3972951454306561e-001,
       -8.7019007903431325e-002, 4.1556988965780634e-001,
       1.8023268456468218e+000, 6.9155132829731292e-002,
       5.3419330899519646e-001, -7.9253047877207827e-001,
       -2.3387206256110806e+000, 2.2029022446619656e-001,
       1.5914352276435837e+000, -8.6337439171024288e-001,
       -4.2468574411251359e+000, 4.0836411198766759e-001,
       -3.0294342099110423e-002, 2.6772724123099678e-001,
       1.2701012537809981e+000, 2.6497494773660962e-002,
       -9.0824366549209432e-002, -1.7625111405545138e-001,
       -5.1182122818676623e-001, 1.9931469910751762e-001,
       -1.7080715656239527e+000, 6.4617283602425535e-001,
       4.0525876391622200e+000, 3.4651022716809315e-001,
       -7.5875362269633206e-002, -1.7228845116788116e-001,
       -5.7351357105877687e-001, 4.6558147412032452e-001,
       -5.5619595152721946e-001, 2.6989612200888780e-001,
       1.5003587232610212e+000, 9.3505994107060161e-002,
       -4.8706937879840595e-001, -5.3016909144296787e-001,
       -2.2647099289094701e+000, 1.0735906505815199e-001,
       1.4050295455278902e-001, -4.4800816944787381e-002,
       6.4569861270186468e-001, 2.3168621991945365e-001,
       -1.7731311297633736e+000, 6.0105530480694536e-001,
       4.1237380607488481e+000, 3.5338400191377312e-001,
       -5.4465396320461579e-001, 5.9445310331514745e-001,
       3.0252285121176845e+000, 1.2852491130953878e-001,
       -1.2390079785412653e+000, -4.5565712597836716e-001,
       2.7106219926260700e+000, 3.0137112025677132e-001,
       -7.6251371424690539e-001, 5.5484477180838354e-001,
       3.1274630859583672e+000, 1.2768994848329274e-001,
       3.0858418456154130e-002, 3.0785767324760682e-001,
       1.3631557368133107e+000, 4.5811317746825529e-003,
       -2.7817220033658021e+000, -1.2508011459030453e+000,
       6.8715582480188591e+000, 2.9626868174891713e-001,
       -3.8046065945356417e-001, -4.9115310387510247e-001,
       -1.7390908685529254e+000, 2.4699882855375967e-002,
       9.1416394484742897e-002, -2.0891537618043410e-002,
       -1.3395769692844923e+000, 5.7661027534495002e-001,
       -1.1064888463507647e+000, -4.1885022013515416e-001,
       2.2296090457619089e+000, 4.7155685896679250e-001,
       1.4232563923567647e+000, -6.5181650521705325e-001,
       -4.1420686083795060e+000, 1.7031201507797500e-001,
       3.0506233006038252e-001, 1.6245937351347273e-002,
       9.1842502721447028e-001, 1.6763924819985249e-001,
       -4.8990071144352686e-002, -1.5104733627204753e-001,
       -3.7071979156133972e-001, 1.9390627568151711e-001,
       -3.1764261967573676e-002, -1.2224285130149573e-001,
       -2.9308469122445135e-001, 1.2956999152909834e-001,
       -1.5778626158106759e+000, 5.9636038592871543e-001,
       3.9190933970386723e+000, 2.8804515999458347e-001,
       -1.7116457635301385e+000, 4.5262547080229626e-001,
       4.6085234962988331e+000, 2.5997737356659301e-001,
       8.5148996216929795e+000, -4.1420589463495654e+000,
       -2.3942232414958013e+001, 6.4954524773685254e-002,
       -2.6143258900488942e-001, 4.5938713987671070e-001,
       3.1616518881182802e+000, 4.9908290363619996e-002,
       -1.7917062992653859e-001, 4.7422937402038184e-001,
       2.8375165628997649e+000, 1.8459698357837832e-002,
       -9.7204301960631045e-001, 5.5708639501138246e-001,
       2.1244943037618702e+000, 1.6013234533281373e-001,
       -1.8190545576456499e-001, -3.6005658155817777e-001,
       -1.0149851300580661e+000, 6.4759518987857853e-002,
       1.4161547485943979e-001, -4.2937172108294896e-002,
       6.3845132524689352e-001, 2.2835041964143707e-001,
       -1.7315240297719856e+000, 6.4898855897159269e-001,
       4.9129162515505307e+000, 1.7613067614008787e-001,
       -1.4377215183775682e-001, -6.6211497722459556e-001,
       -2.8260184081871680e+000, 2.1257301022355124e-002,
       4.3482980501170498e-001, -1.0648274834802475e-001,
       1.7470543720549130e+000, 1.7172003840228425e-001,
       3.0798446718868638e-001, -4.0454958418803089e-002,
       1.2890660883208329e+000, 2.4127238962467160e-001,
       -8.4391816490252486e-002, -4.0691831133221601e-001,
       1.7520188179238447e+000, 7.1898298828641127e-002,
       -4.1872276678501791e-001, 4.8446101588659932e-002,
       4.2423096324229514e-001, 5.1502471889054446e-001,
       -4.1283008957173017e-001, 4.1062536317748144e-001,
       1.1193636716662874e+000, 1.9227990851660101e-001,
       2.2158877623866924e-001, -6.7630787578675924e-002,
       5.5326868301242405e-001, 2.5291453464984548e-001,
       -1.3203489071564269e+000, -2.7469341832011562e-001,
       2.8953678942705294e+000, 6.0571480834454172e-001,
       -5.4301566215015452e-002, -1.4450222716277394e-001,
       -3.6537444297570582e-001, 1.2375803091728464e-001,
       -2.1608598588677079e+000, -3.2309708981870305e-001,
       5.8426057087547676e+000, 2.1229850576429476e-001,
       -5.2601249261820335e-003, -3.3836891501624777e-002,
       -7.8618760128776013e-002, 1.9501239555596094e-002,
       3.7653168392422567e-002, -1.0370462480741038e-001,
       -5.9972576099920349e-002, 2.1810120678995384e-001,
       -3.1725071392370441e-001, -4.7333426023994353e-002,
       1.1677925232653569e-002, 5.8464006926255474e-001,
       -8.3998865600240641e-002, -2.3126594152853336e-001,
       9.2197331953447703e-001, 4.0181748798021033e-001,
       -8.0753435398464966e+000, -1.3893316963525537e+000,
       2.2437335689708796e+001, 3.0111326188236470e-001,
       2.3449593964397604e+000, 2.7534189915305829e-001,
       -6.1277874004217781e+000, 2.1245102685759085e-001,
       6.9380678469274173e+000, -3.7707316418307726e+000,
       -1.6007701690039635e+001, 2.1023323058047372e-001,
       -8.8655769956010155e-002, -1.0475093099188827e-001,
       5.9687960080467908e-002, 2.8569277073820620e-001,
       -1.7261042804883170e-001, -3.7049230400395115e-002,
       -1.7400278456391052e-001, 4.1840280737774854e-001,
       -2.4021850527512414e-001, 4.9806697438699277e-001,
       2.6227205105641129e+000, 9.4550120887843217e-002,
       -2.1078154684897896e+000, -9.2541568153407749e-001,
       5.1416812891822445e+000, 1.0238076128623663e-001,
       -2.0837119484899951e+000, -1.7127884847484898e-001,
       4.6613835824123280e+000, 4.6545929333247882e-001,
       -1.8780427438055207e+000, 1.0081495240740366e+000,
       4.7756212397476645e+000, 4.0368498564360056e-001,
       -1.4567245224000958e+000, -2.9394105854236818e-001,
       3.7209875204483249e+000, 1.9221524170203810e-001,
       -6.0342226930930143e-001, 5.3226490211848387e-001,
       3.1006579264716176e+000, 1.3032357928440785e-001,
       -2.8580495916743964e-001, -4.6762896957812043e-002,
       3.7059764802143957e-003, 5.4263170522234394e-001,
       -2.9997562123766019e-001, 4.0167371349715944e-002,
       1.0379775517932843e-001, 4.9387282176543490e-001,
       -5.9750042472834594e-002, -1.5207010504329391e-001,
       -3.9869713869474133e-001, 1.3560056808541007e-001,
       -5.5805786601358376e-001, 2.1719069514147959e-001,
       1.3746014625825207e+000, 4.3811798812294311e-001,
       2.5207489932322269e-001, -8.3433761977006748e-003,
       6.7520108484081232e-001, 1.0286692906291360e-001,
       -1.2471046374399610e+000, 4.9889352680515220e-001,
       3.0373030164496360e+000, 2.2512697843454263e-001,
       8.9892369288502916e-002, 7.8673096174027415e-002,
       3.2495782503126636e-001, 3.8941914655343947e-002,
       -1.2375748298778488e-001, -2.2237460959196051e-001,
       -7.9315234977393745e-001, 2.5467306436339293e-001,
       -1.8211873500727269e-001, 2.3824311374329998e-002,
       3.9064283063129368e-002, 3.4438453954579018e-001,
       -1.1614150175763811e+000, 4.5539495156284848e-001,
       3.3231005090478800e+000, 2.1051512961024837e-001,
       -1.2408762256596034e-001, -2.3626819432034640e-001,
       -8.9109514356626462e-001, 2.6332565508153954e-001,
       -2.1715692311514623e+000, 3.1506474821731301e-001,
       4.9363952598985259e+000, 3.5274780177740661e-001,
       -8.3417660288922790e-001, -4.8731596742846428e-001,
       1.1843830720988922e+000, 6.8325290776434389e-001,
       -1.2903662299069696e+000, -7.9241899673834371e-001,
       2.9768034878758023e+000, 1.3962243090935611e-001,
       -1.2259153510672323e+000, 7.6394705481269265e-001,
       3.0535323254937747e+000, 2.8874035503246670e-001,
       2.4459603431811278e-002, -9.8768786097505668e-002,
       -8.1217216595519026e-001, 7.0099190497206398e-001,
       -9.3752296098491317e-001, 7.1176073035953724e-001,
       3.6614547275493505e+000, 9.9737279086190844e-002,
       -1.1983345264613621e+000, -6.9729269464060417e-001,
       3.2775266428994447e+000, 1.5279411509100008e-001,
       -1.8385317986554522e-001, -2.6172168169578730e-001,
       -7.9706949179962083e-001, 1.2789440408208358e-001,
       -5.5663550994339461e-001, 4.5738173835308571e-001,
       3.0545372405386182e+000, 1.2587037809684504e-001,
       -2.8648623262816102e+000, -1.9028394140604279e+000,
       7.7220426412658876e+000, 9.3982229064852717e-003,
       -1.0226611295568372e-002, -3.6928845103530705e-001,
       -1.1630265367630546e+000, 3.1583013045374492e-001,
       -9.0569074439517755e-002, 1.4332805363812073e-001,
       8.8821722837949846e-001, 5.8114085663074237e-002,
       -1.6540012734017520e-001, -1.8699658188682822e-001,
       -5.1743868940743782e+000, 5.8352301203442626e-002,
       2.6949626296894835e-001, -3.9964595792025309e-001,
       -1.9407811300788529e+000, 3.3923968759032952e-001,
       -5.6264817115608690e+000, -3.8713897630091774e+000,
       1.6708583187906697e+001, 3.1922932151653827e-001,
       -2.7398328976063879e-001, 2.2195329917439680e-001,
       7.5245462246442296e-001, 2.5074332450655762e-001,
       4.3238821668376538e-002, -5.9801182003786965e-002,
       3.8217403796293022e-002, 1.5145590923935931e-001,
       -3.9157456891384712e-001, -6.1016875117966003e-002,
       3.1002938600507390e-001, 5.3652488459224479e-001,
       -1.2308532837027880e-001, -1.1313651270532687e-001,
       -4.4293697549898048e-001, 4.3536874305794854e-001,
       -4.2096901097006345e-001, -2.2169257016278837e-002,
       3.1861863870196994e-001, 5.6168818353335770e-001,
       2.1269374796699259e-001, -3.7992870281574964e-001,
       -1.5559521073057407e+000, 3.7608768315824526e-001,
       -1.9738769937465778e-001, -1.4107008716173892e-002,
       -1.0372488394779111e-001, 4.3594051509033743e-001,
       -3.2892530330508207e-002, -5.1349001980563247e-001,
       -2.4127279254025735e+000, 2.4352697563603809e-001,
       -6.0481497023430635e-002, 3.5898395884702256e-001,
       1.7768703327180102e+000, 3.7042495466646376e-002,
       -1.5310147734876375e-001, -2.2289365443609427e-001,
       -7.0551411962438504e-001, 1.7165836032525314e-001,
       -1.2506660922296242e-001, 4.3782553899355967e-002,
       2.2057651776931371e+000, 1.4520944371826075e-001,
       -5.8535069083150898e-002, -1.4834876676576958e-001,
       -3.9557931888178993e-001, 1.2697694747345306e-001,
       -1.2447695709404027e+000, 5.3484370865326247e-001,
       2.8752288822035332e+000, 3.2606600862538510e-001,
       -8.0008720306626688e-002, 1.3084833748242286e-001,
       8.2034097564299424e-001, 2.5696401591848581e-002,
       -2.7616285014921891e+000, -1.7273352334724064e+000,
       7.3556709809780276e+000, 4.7474699884688873e-002,
       -5.8923614634184518e-001, 6.0012338308306279e-001,
       2.8627546233007735e+000, 1.4641575769036783e-001,
       1.3527761640429944e-001, 1.0460379266140685e-002,
       -1.7859538808056008e+000, 5.4989209161030095e-001,
       -9.8074302247187550e-002, -1.6149585841655034e-001,
       -5.4925431152490733e-001, 3.0158517236561744e-001,
       2.7157450850841680e-001, -5.3399656788786232e-001,
       -1.5425727849271329e+000, 4.6664762416603611e-001,
       -4.4470282954407844e-002, -3.1266394477044357e-001,
       -1.1301778766608033e+000, 2.9784254773405566e-001,
       -5.6706837738121303e-002, -1.4831807303542632e-001,
       -4.0012940188172841e-001, 1.5226914086575363e-001,
       -1.1804359887145432e+000, 8.3071148323432520e-001,
       4.1940900359912625e+000, 6.8887612627032344e-002,
       6.1902372810478104e-003, 1.0319110605263621e-001,
       3.0325023875010476e-001, 9.6167156825711642e-003,
       -1.8141220698062681e+000, 1.3639136743679576e+000,
       5.1804489096431743e+000, 1.9983882294193162e-001,
       -1.7860892630134725e-001, -2.8900932866051499e-002,
       -1.4419845693577407e-001, 4.1566028473656241e-001,
       -3.0035084900884552e+000, -9.6250161319382199e-001,
       6.7474870902629043e+000, 3.3116009844441918e-001,
       -2.7152459401778385e-002, -1.2721562913589224e-001,
       -2.8378533775623249e-001, 1.5994324651156483e-001,
       -2.4177887199432564e+000, -1.8680917113212125e+000,
       6.9748296341195584e+000, 3.3829001576263923e-002,
       1.5092318572706214e+000, -7.9661659033383536e-001,
       -5.0080416700646566e+000, 4.7575378588698075e-001,
       -2.1773437776991383e-001, 3.6184658975729711e-001,
       1.1154320550769503e+000, 6.1568571284117038e-002,
       9.8405313624719160e-001, -7.8898327152044301e-001,
       3.0360148614567199e+000, 3.0756891662756308e-001,
       3.6382097682492892e-001, -1.1971574496170104e-001,
       1.4523210268187450e+000, 2.7665041769165355e-001,
       6.5593878905969030e-002, -9.5800587097729706e-002,
       2.3279368473834672e+000, 8.9043899611065708e-002,
       3.9102483426349116e-003, -1.2675889076933178e-001,
       -1.9586658910567306e-001, 2.3142656190464483e-001,
       -1.6264416964147723e+000, 5.2822370314403666e-001,
       4.3359533526858201e+000, 2.6158107715117584e-001,
       -1.7279512930170275e+000, 5.6447825330567925e-001,
       4.2980972278253029e+000, 3.0483010355169238e-001,
       -6.7416332391835554e-001, 5.5046495867726719e-001,
       3.2221558042285414e+000, 1.3701021223999493e-001,
       -3.5892331794601113e+000, -3.5371196054899795e-001,
       9.0460635068568287e+000, 7.4107632314496810e-002,
       -7.1228847909836190e-002, -2.4860395612591918e-001,
       -9.0072779457282293e-001, 3.2178819868318342e-001,
       -7.7953418934766394e-001, -2.3342306613421673e-001,
       1.3995912766189424e+000, 6.2010881166472143e-001,
       2.6174852148745115e-001, -8.8463714673743046e-002,
       6.6440783074373033e-001, 2.8528527781950691e-001,
       -6.8031963001403453e+000, 3.8643769412739672e+000,
       1.7411406266844864e+001, 5.9540900918192301e-002,
       -6.6505487361083604e-001, 3.8876562397841197e-001,
       3.4844512193762798e+000, 1.2481575553314536e-001,
       -1.6702977177729361e+000, 6.8563420437910305e-001,
       3.2958240249435971e+000, 4.4027182693958283e-001,
       -5.2571274876730481e-003, -6.5086173980147446e-002,
       -1.8347631735336267e-001, 7.5819191540493047e-002,
       -1.6924229775169051e+000, 1.0289307150407163e+000,
       5.5432309223698466e+000, 7.4046864301423199e-003,
       -2.5234756307136692e+000, -1.7398804797891991e+000,
       7.1199735532364548e+000, 1.2041475291527430e-002,
       6.0296716379580194e-002, 2.4927268403516556e-001,
       2.2443450614042249e+000, 4.6556366649526129e-002,
       -9.8287621324138164e-001, 7.2727282182464115e-001,
       2.3379369070058211e+000, 1.3590455637629945e-001,
       -1.7623855568108144e+000, -1.5941828423104649e+000,
       5.9841744529370509e+000, 1.2687045414229628e-001,
       5.1820301669870145e-002, -1.5849852214976259e-001,
       -8.8871733192210711e-001, 6.1726745039455222e-001,
       6.2066154232906590e-001, -9.2503849792924897e-001,
       -3.8001306282036214e+000, 3.1603581079816523e-001,
       -1.5688421010239023e-001, 4.5426557451419280e-001,
       2.0710086418764693e+000, 9.2829661099708527e-002,
       -2.6010568227038866e-001, -1.7074130267819362e-001,
       -3.7043869264404239e+000, 2.6774596246629540e-001,
       -1.3231403444671652e+000, -4.9697628650538639e-001,
       2.9364373285016807e+000, 2.9030411218125457e-001,
       -2.2231701838470694e-001, -2.0145518502753026e-001,
       1.7086277632047466e+000, 2.3277071959626786e-001,
       -4.5197133736255724e-001, 5.6708514226082241e-001,
       2.6592066014936977e+000, 1.3707257758698266e-001,
       -2.8839078849481237e-001, 4.4277691076385439e-001,
       2.7877873932725059e+000, 1.1007544530302950e-001,
       -1.8998992238220980e+000, -1.1184927080550613e+000,
       3.8920485759585275e+000, 5.4516121219873814e-001,
       -6.5035115481098138e-002, -1.5889819141360248e-001,
       -4.2638578879371608e-001, 1.6896571043321335e-001,
       -7.1329481983644882e-001, 3.4998942337083622e-001,
       1.1129929301787107e+000, 4.4850231594300027e-001,
       3.5632360465347601e-001, -3.8132191085128220e-002,
       1.5440529147518318e+000, 2.3285182548060948e-001,
       2.2441803518648307e+000, -1.9714288064405223e+000,
       -9.7670223427952276e+000, 2.8232274535739005e-001,
       7.3836791134735708e-002, -3.7909255494252447e-002,
       -1.2551097067861110e+000, 5.8050484837203831e-001,
       -1.7182372403505384e+000, 6.3782040626763403e-001,
       3.7361466613982515e+000, 4.1538037288664231e-001,
       2.9046992853701670e-001, -5.2421130332343380e-001,
       -2.1021917704199264e+000, 3.0174336597014068e-001,
       -1.8958759574568937e-001, -1.3987765098622620e-001,
       -1.3999073037925172e-001, 5.0996254030267618e-001,
       -1.6226034556287776e+000, 4.0786765075515391e-001,
       4.3499255798953342e+000, 2.2989573053039106e-001,
       1.1532715148312540e-001, -3.4137730003556133e-003,
       -1.6960779321787427e+000, 5.5461190791189929e-001,
       -2.7339217353021289e-001, -5.5495719966599640e-002,
       -9.0190581054318542e-002, 5.8488742646244551e-001,
       -1.9336345100473931e-001, 8.4389216986068286e-002,
       2.4855697646504527e-001, 2.9971032172642492e-001,
       -8.2987405412754411e-001, 2.0639235467627093e-001,
       1.9207036049925239e+000, 1.9183170176652511e-001,
       -3.1954716657770482e-001, -3.4137651534086960e-001,
       -1.0659907361694430e+000, 1.6647731820930620e-001,
       -1.5195776459541210e-001, -2.4024959998827497e-001,
       -8.1763064658931139e-001, 1.9538253795367685e-001,
       -1.4058974249449894e+000, -7.8439328279177190e-001,
       4.7418776623778083e+000, 9.4523945156811867e-002,
       -1.5990267247030294e+000, -1.0370031532743498e+000,
       4.3603928374324941e+000, 1.2671556977060816e-001,
       1.7411485715946612e-001, -2.6156453437157318e-001,
       4.4680461160382956e+000, 3.1124861692433808e-001,
       -5.5504310343274277e-001, 5.3374148524453691e-001,
       2.6002751902412795e+000, 1.1930058799208453e-002,
       -1.4982025851398908e+000, -2.9609370237019467e-001,
       3.8238743776927646e+000, 1.8551932600216264e-001,
       -1.9198282062037275e-001, 4.7053394790261999e-001,
       1.9996692228597164e+000, 1.0620999002668402e-001,
       -1.4723676072739065e+000, 9.1810715294698120e-001,
       3.2872120555353312e+000, 3.7646375229751416e-001,
       1.7589795443378287e-001, 4.2271386787571877e-003,
       3.5557021948431100e-001, 6.5914632433357448e-002,
       -3.0819158242192195e+000, 6.3328875374694638e-001,
       7.5929570433253257e+000, 2.4771700709130709e-001,
       9.3920946562583790e-002, -3.6752612945347936e-002,
       1.2375586850694310e-001, 1.6657285363595653e-001,
       -9.1145921086954851e-002, -1.7636648942240232e-001,
       -5.9316199725936247e-001, 3.1809965803211976e-001,
       -6.3418419250622318e-002, -1.5442362458892811e-001,
       -4.0176132545441756e-001, 1.2498780243878913e-001,
       6.1849484785885211e+000, 7.1391154799685608e-001,
       -1.4775352815121391e+001, 2.0304532815997312e-002,
       -2.9676937693766003e-002, 5.0183901427033821e-002,
       2.9841936875928604e-001, 1.3196856417930536e-001,
       -1.2937253857392567e-001, -1.3911737239377142e-001,
       -4.1507666628835427e-001, 5.9072753227672870e-001,
       1.3739418964148101e-002, 3.0421080732260380e-003,
       6.2683439203905844e-002, 3.4181347043380439e-002,
       -2.8157782324678591e+000, -5.6671276160190143e-001,
       6.1968361646328471e+000, 3.5136785533226150e-001,
       3.8873546233650347e-001, -7.1462852152230949e-001,
       -2.1382728573314695e+000, 1.7175529321551991e-001,
       -1.1472442497951709e+000, 1.2981277080230833e+000,
       3.9160633039876447e+000, 1.9651491160345247e-001,
       -1.6448508911665263e+000, -6.8660250343600637e-001,
       4.8897543565799797e+000, 4.6294095720191789e-002,
       -2.1041747363176061e-001, 3.6928483706884674e-002,
       9.4042826792437667e-002, 3.7250772757403361e-001,
       -4.8701370828506479e-001, 2.2994311196512840e-001,
       1.0126598459653184e+000, 4.0182769160150172e-001,
       -1.4068816436206993e-001, -7.1211078575362663e-001,
       -2.8885463266868046e+000, 9.0061442095028990e-002,
       -4.6966203885314677e+000, -5.2722776947798133e-001,
       1.1968563687647887e+001, 5.6983372638594987e-002,
       -7.3440814336102855e-001, 3.9688618624650818e-001,
       3.4254932877615136e+000, 1.0635325266194354e-001,
       -4.8627898323306967e-003, -7.8248055754851498e-002,
       -1.0121679677710109e+000, 5.9785507114891911e-001,
       -6.9266262963655900e-002, -1.8584594413581912e-001,
       -4.8093936235106816e-001, 1.0335942143596231e-001,
       2.1427396564584633e+000, -1.6476230197486972e+000,
       -1.0303089312952045e+001, 3.5701411205945616e-001,
       7.4481054989884332e-001, -8.4254582008150947e-001,
       -4.2960369549356816e+000, 1.1181156639844560e-001,
       -1.2327250651004911e+000, 7.6660641181216749e-001,
       3.0642231619888021e+000, 2.9337480155883106e-001,
       2.9777082310916536e-001, -5.2564969498915148e-001,
       -2.1187483621341823e+000, 2.9549998001952915e-001,
       -8.2055060090561094e-001, 2.9670038040620000e-001,
       2.0176442221240567e+000, 3.3384923473564854e-001,
       -8.5879846900162971e-001, 4.4575193295781468e-001,
       1.5943604260312847e+000, 4.5416143917369128e-001,
       -2.8277193979408222e-001, 4.9465472131932031e-001,
       1.9505447466497667e+000, 1.6527367568046464e-001,
       -1.7491080696965371e+000, -8.1111904691972170e-001,
       4.9791468011960660e+000, 2.6685151011872153e-002,
       7.4516953894032845e-002, -4.4458037939149264e-001,
       -1.4074366693707507e+000, 2.7883538131371555e-001,
       -7.7129524429126850e-002, -1.7913155188694724e-001,
       -4.9695863871343987e-001, 3.8232023932482068e-002,
       -2.9978757803066607e+000, -6.2469143000584770e-001,
       8.2823129008131069e+000, 3.0937797859645164e-002,
       -9.8074317521838636e-002, -2.3858097293083896e-001,
       -7.8033017255162895e-001, 2.5148374850225780e-001,
       -6.2615657253712786e-001, -2.7336906467649164e-001,
       -1.9821666726469025e+000, 2.5890999170462109e-001,
       -2.1229372865648282e+000, 4.3353398744934046e-001,
       4.9329396052473564e+000, 3.7957348645794881e-001,
       1.9921737100260950e-001, -4.6430926098164926e-001,
       -1.5653518874071271e+000, 3.9026473202135675e-001,
       -2.0893115390691053e-001, -3.2064606500712500e-001,
       -9.2498062048802066e-001, 7.5608815835103857e-002,
       -1.1640414453944418e-001, -1.9022167123531608e-001,
       -6.5145758113446672e-001, 2.4202027528719244e-001,
       -1.7459142756223234e+000, -1.2271613877727097e+000,
       5.8947361730771659e+000, 7.7513191643815316e-002,
       1.6716733224932390e-001, -6.0482920970473164e-001,
       -1.6905379409231038e+000, 1.7130522545610580e-001,
       -3.4749420944228291e+000, -1.1353851329723403e+000,
       7.9120545719024538e+000, 3.0133030156549423e-001,
       1.7685930089743584e+000, -1.5460530809721440e+000,
       -4.9171843916203866e+000, 6.8440269645494531e-002,
       -1.0515114401178403e+000, 8.1597308680186165e-001,
       2.3720321554071857e+000, 1.9013419048028127e-001,
       -6.3363658888691965e-001, 6.7203052254645734e-001,
       2.8755786230303073e+000, 1.5290930761600585e-001,
       -1.4946657820072993e+000, -3.4940994041113282e-001,
       4.8572491720445115e+000, 1.5076314811625665e-002,
       -1.8780496396189394e-002, 2.9390393805802606e-002,
       9.2553022378007666e-002, 5.5503608444616936e-002,
       -1.4364685499815271e-003, 3.7883090492990483e-002,
       1.5262956296317709e-001, 2.6857586887333557e-002,
       -1.2562325075525640e+000, -9.2315213351189596e-001,
       3.1439964396141016e+000, 1.2882688900073075e-001,
       1.8741720041024254e-001, -3.5234499425593874e-001,
       -1.4747458233304644e+000, 4.0747113887758363e-001,
       -1.8259858561803983e+000, -1.5982171406650858e-001,
       3.9562427006427554e+000, 4.9953157771391182e-001,
       2.3974074272210721e-001, -2.6737094529671809e-002,
       6.3143834461442894e-001, 3.2084418359374443e-002,
       -8.4172809054251396e-002, -1.7711728865881157e-001,
       -5.8704620090902726e-001, 3.8107277907682374e-001,
       -4.6858100541522774e-001, -2.1059450128625037e-001,
       4.8209294389938051e-001, 5.9890325259531951e-001,
       -1.7365689993355933e+000, -1.5848660586848604e+000,
       5.4450914371441907e+000, 2.3149198789895725e-002,
       -3.1199001279733374e-001, -7.5100881031557254e-001,
       -2.5479436990796902e+000, 4.8992839657242993e-002,
       -1.6174462639594400e-001, -1.7146590918255261e-001,
       -3.2412606389971155e-001, 5.7681693074228124e-001,
       -1.0887960790670834e-001, -1.4513955276344553e-001,
       -4.8470081247819385e-001, 2.5511826400274523e-001,
       -1.4825843104897900e+000, -3.0416038266229251e-001,
       3.3562099925493478e+000, 6.0875185436335677e-001,
       -5.6697206178693520e+000, -3.8795891517815306e+000,
       1.6839994816265616e+001, 2.8205494959347066e-001,
       -2.4489655718543526e+000, -1.3827273629267516e+000,
       6.5155494865995962e+000, 3.2130400637587048e-001,
       -1.3200133848879070e-001, -4.1183701860168495e-002,
       -2.2254934827694545e-001, 2.9572875571519858e-001,
       3.2179061559864698e-002, -5.5271071024947174e-004,
       4.8713565813863130e-002, 5.1199133376612728e-002,
       8.6291986006246191e-001, -5.5893579790018133e-001,
       -3.5015255228290556e+000, 5.1628354807960575e-002,
       -1.3975431847391501e-002, -1.1741884288301221e-001,
       -2.3003793802451877e-001, 1.6255691474874212e-001,
       -5.5399363824824199e-001, -2.1865157035677013e-001,
       4.8726742365744918e-001, 6.3293501292657817e-001,
       -5.5873241491216774e-001, 2.2422503436217511e-001,
       6.9826593466685005e-001, 4.9375163999524557e-001,
       -1.7909887664303359e-001, 1.2924124470822318e-001,
       4.6101984450001177e-001, 2.2531751788052992e-001,
       -1.8826496932799801e+000, -1.7042210636994310e+000,
       5.9171983254322136e+000, 6.2607083941061500e-002,
       7.8495127041452090e-002, 6.5936227754251953e-002,
       2.7441947692342605e-001, 3.8075781717436807e-002,
       -8.4015972139026784e-001, -9.4815108870987194e-002,
       1.9421250477537391e+000, 2.8709772471587880e-001,
       2.0962863544438038e-002, -1.9223230273774476e-002,
       -3.0382829981931682e-002, 5.9689404997813819e-002,
       -2.9170989704801116e+000, -5.1553813172317997e-001,
       6.3169599132903329e+000, 3.5522199825292644e-001,
       -1.4327732429180617e-001, -1.5708829693528059e-001,
       -4.2121348927190461e-001, 3.1826942520033363e-001,
       -4.3552708557853119e+000, -4.6996832185338455e-001,
       1.1069954378675023e+001, 1.1377785755725456e-002,
       -1.2692851950253098e-001, 1.3232308642989438e-002,
       1.8251165134883329e-001, 2.4953654752136264e-001,
       -2.7687836082873352e-001, 2.3121471404530033e-001,
       3.5199523741808507e+000, 2.2831266636622038e-001,
       -1.3265341282588459e+000, -1.0166046132301698e+000,
       3.3488911101310173e+000, 2.0504475352572757e-001,
       -1.2911462970699374e+000, 4.7619248101726508e-001,
       4.0090988499645928e+000, 1.1575900466541066e-001,
       1.0221293542098735e+000, -1.0091424191837581e+000,
       -5.4630064773877987e+000, 3.1677514934514572e-001,
       1.4584389196135666e-001, -5.1786564750504982e-001,
       -1.6446627264707034e+000, 2.7283529679393304e-001,
       -3.4635209440128850e-002, -1.2242676534306986e-001,
       -3.4005054537580293e-001, 1.0867145731970652e-001,
       -3.7596583986941601e-002, -2.6195328531918100e-001,
       -8.3699713847255997e-001, 3.6825588977259116e-001,
       4.7448680865546169e-002, 2.6847030771988925e-002,
       1.5341887487257053e-001, 2.9967398118655054e-003,
       -1.4185950455490179e+000, -8.5144754836842651e-001,
       3.9520441079141393e+000, 1.2900529413830963e-001,
       4.1520220956161447e-001, -1.0906276576406275e-001,
       1.2593531540944432e+000, 2.9175572721339355e-001,
       1.8968017495034482e+000, 2.8634671767516012e-001,
       -5.1509058441625237e+000, 2.3165554044417169e-001,
       -1.8149482052000854e-001, -3.7762127092857783e-001,
       -1.1388126870010229e+000, 1.0554565808506110e-001,
       -9.1464227542837354e-002, -1.4721896249142633e-001,
       -8.3074049994626287e-001, 4.7196298024622957e-001,
       -2.6103166700865152e+000, 1.2746876202598250e+000,
       7.3527895338129774e+000, 2.2195253934345260e-001,
       -1.9324777930054069e+000, 1.0473982702934843e+000,
       4.9545430502358867e+000, 3.9176797875258890e-001,
       -4.7798169744694829e-001, 1.0185019604768958e-001,
       7.6924089874560475e-001, 3.9639721179882503e-001,
       9.9421771407780274e-002, -3.9806256459709821e-001,
       -1.3813932822030903e+000, 3.7161747928888139e-001,
       -1.2158205359137292e-001, -6.9755637059335462e-002,
       -2.6971868772868074e-001, 2.9971662755957196e-001,
       -6.6357807064389074e-001, 5.5867181542175293e-001,
       3.1114442065690704e+000, 1.5446138526530689e-001,
       -7.3225449152546629e-001, 5.3258836419840094e-001,
       2.9754803470861635e+000, 1.3714762386794047e-001,
       -7.3579933580383061e-001, -4.3464731219963337e-001,
       9.4467342813022781e-001, 6.9401033554919356e-001,
       -1.0277328604449631e+000, 2.6179685548814191e-001,
       3.6706085202535714e+000, 1.2868941614640494e-001,
       -1.6436865810699341e+000, -2.1256453642821538e-001,
       4.5535949369531918e+000, 3.4233868192484938e-002,
       4.3032054592920782e-002, 6.2795908376406404e-002,
       3.0881017658640242e-001, 4.2834300013894842e-002,
       2.8029028521132471e-001, -3.2420283861030130e-001,
       -1.3037648036140501e+000, 5.9036060500643617e-001,
       -1.5841627067335781e-001, -5.0332656721515878e-001,
       -2.6565630116948014e+000, 2.1198636058438317e-001,
       -1.7993688497310210e+000, -8.4121193979187980e-001,
       5.1372695412364635e+000, 1.4030914352199268e-002,
       -5.4453100253783782e-001, -2.3727493231537575e-001,
       7.3993686492909694e-001, 5.6391308407533536e-001,
       -9.6558347224025654e-001, 2.6597647342266778e-001,
       2.3404453656470050e+000, 2.2402785400769418e-001,
       -7.2413741310171309e+000, 4.0896945926413490e+000,
       2.9088772125526191e+001, 4.8153766514728434e-002,
       1.6295789310601003e-001, -4.3919504188276803e-001,
       -1.5279251582852085e+000, 4.0959571250568988e-001,
       -1.1228419849269531e+000, 4.9406341308653956e-001,
       2.9174028493781181e+000, 1.7036429904207820e-001,
       -3.0106999168521420e+000, -9.6493676520612559e-001,
       6.7628907151157653e+000, 3.3233335822675925e-001,
       2.1009886707793540e-001, -4.7849621848272905e-001,
       -1.7002403557947667e+000, 3.2046874707466100e-001,
       -3.0251251173896647e+000, -8.9164477699294498e-001,
       6.8210967341795774e+000, 3.2494812884405261e-001,
       -7.9781073946106118e-002, 4.3717230497921547e-002,
       3.7196136911203614e-001, 1.7496655986250598e-001,
       -2.0081768103037068e-001, 1.7529176302032959e-001,
       5.6102399143376092e-001, 2.2278671097778713e-001,
       2.3612564393186181e-002, -2.6055417359937161e-001,
       -8.1601881054429881e-001, 5.0599245583835606e-001,
       -4.1269562916574748e-001, -2.3218334407050148e-001,
       2.5168441923465923e-001, 6.7938912596480061e-001,
       -1.4865866301865709e+000, 6.5718676018471733e-001,
       3.8679312213567423e+000, 2.8959632499424365e-001,
       2.6916146996388612e-001, -5.3140981217982741e-001,
       -2.1137254219497432e+000, 3.2154545857671601e-001,
       7.5429187302190837e-001, -6.2970200607045923e-001,
       -2.6843322005619137e+000, 5.1204326439183234e-001,
       -6.9630042261011860e-001, 6.7256045336485237e-001,
       2.7431765837447060e+000, 1.6409852806797723e-001,
       3.2387886792143028e-001, -5.7141898265915680e-001,
       -1.7015160697169351e+000, 4.7599677260729467e-001,
       -8.9964182159817024e-002, -1.8192946013214917e-001,
       -5.1607119023317138e-001, 1.1144613095042463e-001,
       -3.7609939210913035e-001, 3.7387264106950466e-002,
       2.6182294027216080e-001, 5.1743138133910660e-001,
       -1.0676190867910449e+000, 4.4345054113199789e-001,
       2.5826189977649401e+000, 1.7985263092488529e-001,
       4.4653098421721782e-001, 1.9543260247291236e-002,
       1.8955943609285781e+000, 1.8076623639013339e-001,
       -2.2853612291994529e-001, -2.1029126628683881e-001,
       9.1905767494357263e-002, 5.6643620016073382e-001,
       3.0594537699586083e-001, 4.1281269511626771e-002,
       8.7355692415851549e-001, 1.2009838421532658e-001,
       1.8871549942654373e+000, 2.6460054141917044e-001,
       -5.2403699850828875e+000, 1.6077741108434981e-001,
       5.6186182629156624e-002, -2.5753516305431778e-001,
       -1.6193834075097877e+000, 3.7774965383315806e-001,
       7.8453922269825532e-002, -2.5054107295072708e-002,
       2.8594641337682469e-001, 1.5866031170785855e-001,
       -1.4431128573874322e-001, -1.3463813915325118e-001,
       -4.3448046992101852e-001, 6.8241461300861872e-001,
       1.8797219062272841e-001, -4.3652692354791678e-001,
       -1.5100638068198307e+000, 3.9801569787754632e-001 ]
