%YAML:1.0
current_middle_points: !!opencv-matrix
   rows: 685
   cols: 4
   dt: d
   data: [ 9.4472898402000838e-001, -1.0746559699791809e+000,
       4.0092711479836005e+000, 3.3347608372230891e-001,
       9.5824644631826739e-001, -1.1609126633129967e+000,
       4.0735554892089523e+000, 3.3558057015817189e-001,
       9.4775818885047014e-001, -1.0768156082014910e+000,
       4.0273772831841512e+000, 3.2994199319234024e-001,
       5.2969948593162530e-001, -1.5286188695073504e+000,
       5.0789303049719239e+000, 2.2965169724803786e-001,
       1.2092028838709736e+000, -1.4964078301621657e+000,
       4.3081688688778170e+000, 3.6093261943968380e-001,
       -1.1053244224849217e+000, 8.2320138895679951e-001,
       3.5771887012282866e+000, 1.5234417199788192e-001,
       5.9561834847566142e-001, -1.6198471048270120e+000,
       5.1600253521097255e+000, 2.5790390577159172e-001,
       9.4440890962771629e-001, -1.0822423895235604e+000,
       3.7488905325451221e+000, 3.5640888055822939e-001,
       -9.2570327678552777e-001, 7.4604309598842811e-001,
       3.3755007958662402e+000, 1.4171773578451408e-001,
       4.0330920681632942e-001, -1.4435856563227145e-001,
       1.5282311250820586e+000, 2.8994758957972666e-001,
       -8.2698199909638292e-001, 7.1064113842743026e-001,
       2.9288448529584263e+000, 1.8629065701699404e-001,
       -9.4752411734435471e-001, 6.8845852095505033e-001,
       2.9472474287908890e+000, 1.9007336485494725e-001,
       1.2044677658286780e-001, -8.3574605306499780e-002,
       2.3646861696119365e-001, 2.4562668527916423e-001,
       -8.8123762283855545e-001, 6.0128664583075553e-001,
       3.3087849217920939e+000, 1.4086948216165635e-001,
       -2.3359612358369288e+000, -1.3268214572407446e+000,
       4.6333773035496879e+000, 5.4270005423432555e-001,
       1.1195336450182161e+000, -1.2822996937134445e+000,
       4.0901723229566480e+000, 3.5640538567406416e-001,
       -2.4430358498003359e+000, -1.4813341861524418e+000,
       4.8868020254598274e+000, 5.3208299411555526e-001,
       -1.0517951067689291e+000, 7.1852357722533233e-001,
       3.8935699043454823e+000, 1.1154366893727780e-001,
       -3.3498503195549230e+000, -2.1018268165966441e+000,
       7.1605036476662249e+000, 3.7351837967586510e-001,
       -2.9204734319554935e+000, -1.8000696068162190e+000,
       6.0648974399897728e+000, 4.6101171363111926e-001,
       -1.4913474153013118e+000, 7.0272277759806356e-001,
       3.6107896905983470e+000, 3.5836097360474606e-001,
       -2.8204331637500841e+000, -1.2048276769199378e+000,
       7.1186383563335180e+000, 2.1185937643231395e-001,
       -2.8592923255859226e+000, -1.3195593813824558e+000,
       7.2270407826009357e+000, 1.9274387879024943e-001,
       -1.4629460958986291e+000, 8.4056530413785024e-001,
       4.9331198733034487e+000, 2.3715903247219747e-001,
       1.6426078978841840e-001, -7.1767494140768162e-002,
       4.2602745911603612e-001, 2.4847813273622291e-001,
       -2.2424811777235840e+000, 2.2625226791763542e-001,
       4.8234459128209775e+000, 4.0045311998743943e-001,
       -3.6889106362625430e+000, -2.2158798105347151e+000,
       8.0701351134987718e+000, 2.7515282987975287e-001,
       -1.4788744663962476e+000, 7.0265492015980013e-001,
       3.6003788765513161e+000, 3.4549978859949199e-001,
       1.0112489269624714e+000, -1.3926491640957930e+000,
       4.3511343163704135e+000, 3.3801134061402921e-001,
       -8.8218786084123457e-001, 5.9433051307791129e-001,
       3.3176145587126857e+000, 1.4043445227547335e-001,
       6.0082667665405776e-001, -6.9230930042869265e-001,
       2.1261203035778635e+000, 3.9420302952493552e-001,
       -1.0381548880519855e+000, 8.3552991903577678e-001,
       3.8496798771221603e+000, 1.1796990809006726e-001,
       1.6996491593224750e-001, -8.6490260284995402e-002,
       4.0437066945928102e-001, 2.6588165024812310e-001,
       1.6096002199085399e-001, -9.5987814268954572e-002,
       3.5539282567846314e-001, 2.7430425191116031e-001,
       -6.4695543306654124e-001, -6.1256032734929722e-001,
       5.3887081401705199e+000, 4.8720532275174165e-002,
       -1.4328118842261581e+000, 7.9153217212847560e-001,
       3.5420970684883044e+000, 3.0777500490512572e-001,
       4.8091470481626142e-001, -9.5987331590382419e-001,
       3.0094449452341556e+000, 5.0385462121766933e-001,
       -1.9579856502846171e+000, -1.7366167091825742e+000,
       6.2162747312411550e+000, 1.2750610579394492e-001,
       -1.7664890959663908e+000, -1.0515619756173238e+000,
       3.2519179402885636e+000, 6.1788288885193299e-001,
       -1.9282201708166646e+000, -1.0838378935146931e+000,
       3.6469083412420784e+000, 5.9377298593806871e-001,
       -8.1409151783636591e-001, 6.2284794792340059e-001,
       3.1021777974628004e+000, 1.4688544950049115e-001,
       9.2807423620792195e-002, -6.1274134632649163e-002,
       2.3351611418934295e-001, 2.0389981797208370e-001,
       -8.8188472458757483e-001, 7.2017241666132592e-001,
       3.3526234127660350e+000, 1.3563282452085856e-001,
       -3.0514604214228642e+000, -1.3764244308739881e+000,
       7.2673150467929393e+000, 2.6860321158523309e-001,
       -2.0914787163112454e+000, -1.1801470563117380e+000,
       4.0399578214941521e+000, 5.7413607365510866e-001,
       -2.2959512835514460e+000, -1.3856195609855104e+000,
       4.5286643299400922e+000, 5.5143373177446520e-001,
       -2.9603946328212296e+000, -1.7163545547837460e+000,
       6.1785186037830302e+000, 4.4732638796062268e-001,
       -1.9278207733782027e+000, -1.6418045899001075e+000,
       6.1297359068165012e+000, 1.2262021406405592e-001,
       -3.1713197219471043e+000, -1.8540733574109440e+000,
       6.7129799839036277e+000, 4.0740957304625941e-001,
       8.2505423517073395e-001, -1.6740247175786684e+000,
       4.8869755592106889e+000, 2.9534712849594080e-001,
       -2.9724630527423574e+000, -1.1863971123358468e+000,
       7.1452062975241315e+000, 2.4483608917405184e-001,
       -9.3474707744416452e-001, 6.5072089079979545e-001,
       3.3469724422676284e+000, 1.5455025494419278e-001,
       -1.3913953934155252e+000, 9.8811515089001589e-001,
       4.6550586209541249e+000, 2.9909677152462528e-002,
       -3.5115816350087414e-001, -1.8142992470888037e-002,
       2.6707179062633193e+000, 1.3275568280335726e-001,
       8.4444738589936494e-002, -5.1286217598267947e-001,
       4.5107189276862352e+000, 1.0112322894515675e-001,
       -1.4139699690037961e+000, 7.8407546280097051e-001,
       3.5845638217266478e+000, 2.8933680577146759e-001,
       -2.1875810302268954e+000, 2.9318806483074517e-001,
       4.5981706465260030e+000, 4.1229740720537256e-001,
       -2.7847316347777231e+000, -1.6043753802252794e+000,
       5.7372982167192941e+000, 4.7818340359056383e-001,
       -1.9083702615073419e+000, -1.5475576131571902e+000,
       6.0660118196488746e+000, 1.1867632345607600e-001,
       -2.2439749014640022e+000, -1.2713524732944705e+000,
       4.4091071950722824e+000, 5.5508671344797200e-001,
       -3.5772887388370482e+000, -2.2757103165993007e+000,
       8.1563264294360653e+000, 2.2389446450890785e-001,
       -1.0845325752865849e+000, 7.3420497024474751e-001,
       3.9989743970932170e+000, 1.0417763306231838e-001,
       5.9133038694983842e-001, -6.8024956110623824e-001,
       2.0818909081462578e+000, 3.9318056698066267e-001,
       6.1678046165756437e-002, -6.3847730051675128e-002,
       1.1590683002392557e-001, 1.8116316785295555e-001,
       -4.1065788791912805e-001, -1.6959513882775423e-001,
       3.2503102098453418e+000, 1.1284359539355349e-001,
       1.6714971663474842e+000, -1.1810845457927392e+000,
       5.6630322077485573e+000, 1.9280997918158624e-001,
       -1.4658443010169604e+000, 7.0166896108311105e-001,
       3.5878630201429607e+000, 3.3281535606384921e-001,
       5.3239816087460889e-001, -2.2325767566089233e-001,
       2.0171602319404434e+000, 3.0134451315478450e-001,
       -2.1345602028192547e+000, -2.1264935215926134e-001,
       5.7470588909667768e+000, 1.1736590597690694e-001,
       -2.5995300424644276e+000, -1.4884572266839999e+000,
       5.2794659620569355e+000, 5.0592928537313409e-001,
       -3.2760104933015644e+000, -1.9239694641484850e+000,
       6.9809893476120024e+000, 3.8570753998348473e-001,
       -1.8896671683808495e+000, -1.4515233703293746e+000,
       6.0069161645817157e+000, 1.1203176413519278e-001,
       -1.8632679796956952e+000, -1.0459192547887830e+000,
       3.4911517380352883e+000, 6.0139772527343693e-001,
       -3.4210390076848307e-001, -3.3057583354263731e-001,
       2.2432135210612136e+000, 1.5729116877513533e-001,
       -3.5453073796294889e+000, -2.1712648566681612e+000,
       7.9175673544498366e+000, 2.6725164364947046e-001,
       -8.5773698381598429e-001, 5.5202358055796741e-001,
       3.3343139545451113e+000, 1.2789147185784086e-001,
       -1.5454184796132875e+000, 5.2258798527793160e-001,
       4.2423510040476629e+000, 2.4629433466816816e-001,
       -1.6111652137166068e+000, 6.7313641816123848e-001,
       3.7829743834597878e+000, 3.5836273184450246e-001,
       -1.8323746248731529e+000, 4.5599630683364917e-001,
       4.5468277795624523e+000, 3.0208819613462484e-001,
       -2.0619790081366576e+000, -2.0776921424784967e-001,
       5.5626695305501075e+000, 1.0519716175659001e-001,
       -3.6209874778112603e+000, -2.2924492121705544e+000,
       8.1207198154119240e+000, 2.4692163322769964e-001,
       -1.5965070475338843e+000, -9.4646640962716178e-001,
       2.8494848177366268e+000, 6.3540507609011632e-001,
       -3.6381953980799482e+000, -2.2507992977662949e+000,
       8.1983950576088258e+000, 2.1769393328975514e-001,
       -2.8756765917838258e+000, -1.6620560236700128e+000,
       5.9652703907367277e+000, 4.6247594687074761e-001,
       -1.2011458875773462e+000, 9.5959353799651848e-001,
       4.5596714644586438e+000, 6.1912944145940681e-002,
       -1.6566317584067243e+000, 6.3647668123669932e-001,
       3.5904213792255861e+000, 4.1567004315524403e-001,
       -1.7011511270328925e+000, 4.9886305007198362e-001,
       4.4310856822909219e+000, 2.7901249852203719e-001,
       -1.4395130845845805e+000, 7.1350133932582116e-001,
       3.6069214872549127e+000, 3.1787360832774214e-001,
       3.6469277135372535e-001, -8.5015379232162569e-002,
       1.4846527396232811e+000, 2.6568632059167779e-001,
       2.8303882560453231e-001, -9.0867616329693549e-002,
       9.0555890986012488e-001, 2.7848922608673471e-001,
       -3.2848487595210472e+000, -1.5248871600388274e+000,
       7.4605726286424208e+000, 2.9101641057258637e-001,
       -4.1949523240026615e-001, 1.0248098611120512e-004,
       4.4156688311232895e+000, 6.6496639650984180e-002,
       3.3813250351127526e-002, 3.1272855920198817e-001,
       1.5610698747913956e+000, 7.5785822856091365e-003,
       -3.4436926873618692e+000, -2.0385642193129851e+000,
       7.4149810170114892e+000, 3.4742222951533314e-001,
       6.5850170205581660e-001, -3.0437025022172326e-001,
       2.2262134968148017e+000, 3.2578156929725416e-001,
       -1.3736152423179497e+000, -7.6699049217116888e-001,
       2.3303853893106972e+000, 6.5448733517774793e-001,
       -3.4892744075548814e+000, -2.1868645865846377e+000,
       7.7489674353649853e+000, 2.9599638850613508e-001,
       -1.3554585049278227e+000, 8.1888371156975392e-001,
       3.4204821077299048e+000, 2.9437422304707123e-001,
       -8.2918615932391360e-001, 5.9140910270810221e-001,
       3.2373661675015351e+000, 1.3322557976823846e-001,
       -1.6548423228232267e+000, -9.2577098186921880e-001,
       2.9939518636948632e+000, 6.2507390374209459e-001,
       9.3768937865519320e-001, -6.4238618788324464e-001,
       -3.3232299458385950e+000, 3.4488178057772806e-001,
       -1.7150365143918154e+000, -1.8532044158557259e-001,
       5.1872288505215653e+000, 3.1379051587540320e-002,
       -1.2490314929875841e+000, -7.3866946917678722e-001,
       2.0328551825795662e+000, 6.7213126569158810e-001,
       -8.2190142353779597e-002, 3.5193010897252575e-004,
       2.4615347731590038e+000, 1.7541310543712371e-001,
       -2.8627852189282179e+000, -1.0949342808273315e+000,
       7.0679350098714018e+000, 2.3120631061553001e-001,
       1.5953821558724717e+000, -1.1254795591446995e+000,
       5.3893215330296078e+000, 1.9281636308912870e-001,
       -1.7335374672202324e+000, -9.7088621083397175e-001,
       3.1811490654143117e+000, 6.1632663923243713e-001,
       -8.1430507724153656e-001, 6.1041479353849626e-001,
       3.0499964432856022e+000, 1.4867652667099096e-001,
       -3.5239808416225626e+000, -2.0948921691005502e+000,
       7.6255380255814016e+000, 3.2693298829742162e-001,
       3.7096601459926282e-001, -5.2997737007212731e-001,
       -1.8183962034663934e+000, 4.5112300211498207e-001,
       -1.5909441306237335e+000, 6.1175920698427810e-001,
       3.7922610168736992e+000, 3.1882952730635095e-001,
       1.0589657359818407e+000, -1.3937761626313896e+000,
       4.2635564009425195e+000, 3.4192564295396993e-001,
       -2.9423673947587696e+000, -1.9049083052959646e+000,
       7.1775849522734720e+000, 2.5692840402999645e-001,
       3.3873258702497455e-001, -9.1439162144235586e-002,
       1.3570559853287927e+000, 2.7144407619045752e-001,
       -3.6576263482638982e+000, -2.3532572676056107e+000,
       8.4136616310195578e+000, 1.7028207897663639e-001,
       -1.9886309709590195e+000, -2.5467950023474761e-001,
       5.5277526709221565e+000, 7.5353525815570310e-002,
       1.7443819344330919e-001, -5.5275867505809206e-002,
       5.3650775105237669e-001, 2.3517595196231594e-001,
       -1.3805021228653729e+000, 7.1404861601408964e-001,
       3.5595158211014093e+000, 2.8976321935179489e-001,
       6.8745466567363600e-001, -8.0598789852431452e-001,
       2.6097278497365992e+000, 3.0675836007729762e-001,
       -6.7677074328744646e-001, 3.6393016354404251e-001,
       3.7380527516519990e+000, 9.6556494056030687e-002,
       -1.6196039001642712e+000, 9.6314868968187572e-001,
       5.3371803625333527e+000, 4.9406728689749449e-002,
       -2.1756319518219835e+000, 2.3281426626948409e-001,
       4.6413968212309502e+000, 4.1399516369564515e-001,
       -3.6795511346455001e+000, -2.0509056614362202e+000,
       8.1129618130055459e+000, 2.3282010269819187e-001,
       5.1785325050521983e-002, -3.7781533455611131e-002,
       9.4138524900705789e-002, 1.3198218160034658e-001,
       -2.1159943075186916e+000, 3.9122712585052299e-001,
       4.5327213596475495e+000, 3.9254179470332817e-001,
       -6.5784066848997313e-001, 3.5394295563250677e-001,
       3.6102881492405530e+000, 1.0270761556466419e-001,
       -7.6556187914658708e-002, -1.2494620214988372e-003,
       2.3470961808075330e+000, 1.7175594115093717e-001,
       -3.4091735214344911e+000, -2.1253172737075730e+000,
       7.5269413616346537e+000, 3.2222348399183870e-001,
       -1.5243629940546626e+000, -8.5168761036476703e-001,
       2.6849418755580388e+000, 6.3916239409534081e-001,
       -8.9521727856709171e-002, -9.8316221673316884e-004,
       1.8397847291724370e+000, 2.7100492278715094e-001,
       -2.5166115446463605e-001, 1.4456937102741363e-001,
       5.3179249957748835e+000, 4.3485699844491049e-002,
       -2.1357268385171553e+000, 3.9307246029228715e-001,
       4.8020163773613724e+000, 3.6316796106941879e-001,
       -1.1678244950428194e+000, 6.0291237431095068e-001,
       3.0704133841907142e+000, 1.8249667332264780e-001,
       -8.3888622984554528e-001, 4.3939083289105885e-001,
       3.5943452012690553e+000, 9.8749034232412436e-002,
       -3.6674127430651380e+000, -2.3326103668853282e+000,
       8.2581550919578639e+000, 2.2424495888521631e-001,
       -1.7930127316516697e+000, 4.4128323727005581e-001,
       4.6758971701579899e+000, 2.7844806472997158e-001,
       -1.9984155552315310e+000, 2.9563825657994275e-001,
       4.8010294335637091e+000, 3.1890778746827259e-001,
       -7.5518030926661406e-001, 6.1966522675594193e-001,
       3.0198285497493798e+000, 1.4081385626820711e-001,
       -9.9593420097697405e-001, 5.2296370461039265e-001,
       3.6272857329461567e+000, 1.1917825213873309e-001,
       1.1438274516148540e-001, -8.0761602603282537e-002,
       2.5058760201631303e-001, 2.3932814663363497e-001,
       1.0612742265952682e+000, -1.4161666776813073e+000,
       4.3535777440558645e+000, 3.3431533428350763e-001,
       7.6361382945289225e-001, -1.0103530433068508e+000,
       -3.0934832059258199e+000, 4.2205711398146067e-001,
       -3.7577568757756712e+000, -2.4164158876350665e+000,
       8.5343824044875269e+000, 1.7145719188072564e-001,
       -1.2564270065017125e+000, 8.4929873316729432e-001,
       4.7916501991817526e+000, 4.1406911194417657e-004,
       -1.4720332679121466e+000, -8.2222651260718826e-001,
       2.5615128140087098e+000, 6.4466100813349980e-001,
       -2.5270229766594945e-002, 3.6340865294059344e-001,
       1.4794284193041922e+000, 3.2551686422319648e-002,
       -3.3158503277873208e-001, 6.0829784950232224e-001,
       4.4091081901613194e+000, 2.2116102366864034e-002,
       -3.2772113017125665e-001, 6.0045613727465219e-001,
       4.3299944286489120e+000, 1.4393603640956369e-002,
       -1.5834924203553846e+000, 7.1799683400674641e-001,
       5.3447168016480946e+000, 9.8087346071509665e-002,
       -1.3123267602374498e+000, 6.9568042240084882e-001,
       3.4443490262128984e+000, 2.6509960793170206e-001,
       -5.8519904459050098e-001, 5.7397944176218552e-001,
       2.9142389835106597e+000, 1.4435717577398766e-001,
       -2.0114108766420008e-001, 4.7727012728255652e-001,
       2.6392229145591490e+000, 8.0839561533123119e-002,
       2.1832401035417476e-001, -8.7783858553358282e-002,
       5.7496325447482155e-001, 2.7665018896123078e-001,
       -9.0812240974992942e-001, 4.9625523069454180e-001,
       3.5772756609327745e+000, 1.1203974384505397e-001,
       -1.2647279984775806e-001, -2.4272839676205482e-001,
       -6.8112302335585839e-001, 4.9891738283538552e-002,
       -2.0072005169915408e+000, 4.2330488526828258e-001,
       4.7115586516265191e+000, 3.3493238073945053e-001,
       -6.8147879432223157e-001, 3.9754682372415362e-001,
       3.5844022441336914e+000, 9.9595902357167712e-002,
       -5.8497320536612651e-001, 4.0480773518505120e-001,
       3.4579161009391610e+000, 9.7926286206694274e-002,
       -7.3501631642094667e-001, 4.5961407566603807e-001,
       3.4560932186779079e+000, 1.0373014958529453e-001,
       -1.9361087804022861e-002, -1.2880043805768510e-001,
       -2.6346282848581215e-001, 1.8961395817395932e-001,
       -2.7101041876770487e-001, 5.9560395053584503e-001,
       4.2104630767018456e+000, 1.9937015744612010e-002,
       -1.7707660318852153e-002, -1.2214259826638019e-001,
       -2.4863309434272521e-001, 1.6915077041788962e-001,
       -1.7189186499752016e+000, 3.1852993697220733e-001,
       4.6056880580315287e+000, 2.6114353181685235e-001,
       -4.6327672542135545e-002, 2.4207424437471847e-001,
       1.2313394130382085e+000, 1.4930894817117094e-001,
       -8.0556137912110648e-001, 7.4522222037864660e-001,
       2.8314390324769869e+000, 1.9808816880812188e-001,
       5.9749662298768290e-002, -4.7284113539331540e-002,
       1.2324211119109567e-001, 1.5616644393978321e-001,
       7.4992310874726809e-001, -1.6834896909123045e+000,
       5.0459126973012438e+000, 2.7248970103830195e-001,
       -1.6057354897186138e+000, 8.3158480817066227e-001,
       3.1958104871005482e+000, 4.3381819823455214e-001,
       -1.0930762414115480e+000, 8.3205165993029295e-001,
       3.0278676678585521e+000, 2.3787250724548531e-001,
       -2.1053209290860648e+000, -2.6841232080950583e-001,
       5.6625922292195288e+000, 9.0616409188012781e-002,
       -1.6873013548936100e+000, 5.0614283233597979e-001,
       4.4069120696049362e+000, 2.7982634084406288e-001,
       -2.8207225621228798e+000, -1.1919944980053245e+000,
       7.1080920440051951e+000, 2.0689875533894908e-001,
       -1.3893699360247189e+000, 8.4802174072290160e-001,
       3.2007477240736844e+000, 3.1789529821625101e-001,
       4.4273350238062859e-001, -1.1368499975158008e-001,
       1.2716950325759877e+000, 3.0063314163169974e-001,
       4.0534463445328506e-001, -1.2413688059659406e-001,
       1.4038192293010789e+000, 2.8921464437730732e-001,
       -2.0567628868682669e-001, 4.0941531041720425e-001,
       2.7090234172164531e+000, 6.8381913098174402e-002,
       -1.1681565987100768e-001, -1.8320357243702637e-001,
       -6.2893541182996093e-001, 2.4068190773331874e-001,
       -1.4769236410695569e-001, 5.4759896600060309e-002,
       2.7345028861799499e+000, 2.8993907671112507e-001,
       -1.4779807102417315e+000, 8.5673339009086635e-001,
       3.4266282134503681e+000, 3.1910246926577396e-001,
       8.5983852430929569e-002, -6.2208025599162345e-002,
       2.1317692634060409e-001, 2.0070996742190308e-001,
       -3.4941347794390687e-001, 4.9187245089400994e-001,
       4.0566263486818626e+000, 2.1318453853051414e-001,
       -1.5437071017319387e-001, 5.7556893960475114e-002,
       3.8784265927797956e+000, 1.5278827298935127e-001,
       -1.0965573709864749e+000, -4.1184719405505360e-001,
       2.2241053368813191e+000, 4.5793924896747246e-001,
       2.1582195961914696e-001, 2.6677089552946481e-002,
       1.0097654248679588e+000, 1.8503814073179420e-001,
       -9.5322866095712655e-001, 6.5023750598943209e-001,
       3.4064016806822357e+000, 1.7096275545205106e-001,
       -1.4270249747575919e-001, 4.6624762384818164e-002,
       2.6298902013326186e+000, 2.9091633961808605e-001,
       1.0255698274676779e-001, -5.6879611826768095e-001,
       -1.8723800975441480e+000, 2.9080542108978247e-001,
       -1.7449209039807581e+000, 5.9790307829386147e-001,
       4.0011922797922654e+000, 3.8273404830274943e-001,
       7.0257593520858319e-001, -5.3051372552807541e-001,
       -2.6593679422513370e+000, 4.2278619120329913e-001,
       -1.9062204319957656e+000, -1.6121321742302421e+000,
       5.7161580755757839e+000, 2.2695292066028324e-002,
       -4.9963152712990255e-001, 5.8714889472261333e-001,
       2.5974316257316485e+000, 1.5833334204711616e-001,
       -1.6564799559357566e+000, 8.8970341468014813e-001,
       3.4058667183065676e+000, 3.7823920777790104e-001,
       3.9613556139050408e+000, -1.6021614267231690e+000,
       -9.1236241919256607e+000, 1.1384553680493842e-001,
       -1.0034995502399109e+000, 1.6646320531784595e-001,
       4.0279303498408243e+000, 2.5938520111331850e-002,
       -9.0076104723333583e-001, 7.4570033927900892e-001,
       2.8314490513134887e+000, 2.0430133396282871e-001,
       -1.9980252035387895e+000, -2.0707986676836682e-001,
       5.4120513283647567e+000, 8.4315367241564770e-002,
       -4.3966453399403624e-002, -1.4170603398623563e-001,
       -3.4980350579122488e-001, 1.6398577672696421e-001,
       -5.5325346894599958e-001, 8.5903359659578446e-002,
       7.5482019492317909e-001, 4.8225518170167087e-001,
       -5.0902806877763018e-001, 5.3037840970287187e-001,
       2.9975173669593804e+000, 1.2442997237525504e-001,
       -3.1193411081014921e-001, 5.1429449013375284e-001,
       1.6137595040184911e+000, 7.0797165658968764e-002,
       5.6262040812967418e-001, -1.5775004433714729e-001,
       2.2972761367777297e+000, 2.2963557164162901e-001,
       -1.8228925096776413e-001, -7.0096623859782814e-001,
       -3.5865496216817738e+000, 2.0798731374061585e-001,
       -2.9664103165625564e+000, -1.3648594175440483e+000,
       7.4763922560024341e+000, 2.1388682784205224e-001,
       -3.2671056659470965e-001, -1.0840197981303623e+000,
       5.8277814240266892e+000, 3.6658845631859616e-002,
       -1.8791124423780192e+000, -1.3787246608870602e+000,
       5.9828421226973330e+000, 1.0135582027832600e-001,
       6.8986216566861575e-002, -2.1068387327076091e-001,
       -8.7721519540579018e-001, 5.9539280295564456e-001,
       -1.4971103924144584e+000, 8.5262265762931611e-001,
       3.4118300568837530e+000, 3.5587536390744562e-001,
       -1.9687633217429159e+000, -4.9244032481326894e-001,
       5.8756307431026640e+000, 1.4357584575141870e-003,
       -1.1702444883886542e-001, -1.7960608808345607e-001,
       -6.1807128953927459e-001, 2.3988692119884589e-001,
       -1.0273037539061396e+000, 5.7766004306448915e-001,
       3.2855135771303585e+000, 1.6606938864688178e-001,
       -1.4127224206428371e-001, -6.5870143730367603e-001,
       -2.8018750103459285e+000, 2.6124652207402930e-002,
       -1.3854925927710704e+000, 7.7130129503727662e-001,
       3.5218225988732810e+000, 2.7985709788676838e-001,
       -2.8807771117381510e-002, 3.8417871230361439e-001,
       1.5570794454915131e+000, 3.9663317917585358e-002,
       -1.2585590285749271e-001, -3.5471272441594270e-001,
       1.7000210424313205e+000, 9.3618203029685487e-002,
       -2.3919711448683723e-001, 4.9226400725901187e-001,
       2.5864947981210600e+000, 9.8142028245829696e-002,
       -1.9502173742105193e+000, 4.1523323626057629e-001,
       4.5903793410013494e+000, 3.1999385972911065e-001,
       -5.5621614390838209e-002, 3.8988435852757586e-001,
       1.7541888294184309e+000, 3.5366995176490383e-002,
       -4.3056119527478387e-001, -9.5116837284095646e-001,
       5.7431414034252173e+000, 3.7586029651041531e-003,
       2.7589524750290639e-001, -4.7332776643983859e-001,
       1.0023441412884093e+000, 5.0622165003996500e-001,
       8.3129906601204506e-002, -1.3848219523525127e-001,
       3.8870485259888961e+000, 8.0683337315150067e-002,
       -9.4024232404788827e-002, -1.8320093968400294e-001,
       -7.1546549063917453e-001, 3.4100016890255641e-001,
       -2.8198665481389185e-001, 6.1102594240972374e-001,
       4.5976620778384003e+000, 1.0339062559991184e-001,
       -1.2899349677274699e+000, 7.7604650760663862e-001,
       3.4656625733386961e+000, 2.4668976338708828e-001,
       3.6302775220854228e-001, -7.0871352970394361e-002,
       1.4434773214204455e+000, 2.5547904577503877e-001,
       -3.1274910702991587e-001, 5.6335993398569206e-001,
       3.9574316595697905e+000, 2.5790941554038029e-002,
       -1.2571562855439125e-001, -3.5555971506182610e-001,
       1.7038185943712563e+000, 9.2983781687824132e-002,
       -5.8739447449393423e-001, 3.8359980848587183e-001,
       1.8100845899358802e+000, 2.5236796204964140e-001,
       -2.7656836356826497e-001, -8.1475083174386537e-002,
       -5.3774878193237244e-002, 5.7961395169297436e-001,
       -8.2387845970396584e-002, 3.6217523987816269e-001,
       1.5483145265277218e+000, 7.7523038637896127e-002,
       -1.3053675664584846e-002, -1.0957475834890065e-001,
       4.3036783772549470e-001, 2.7276817899322847e-001,
       1.0040822344659671e-001, -6.7851734278567624e-002,
       2.4025235532845163e-001, 2.1591211936827007e-001,
       2.9248593329157802e-002, -3.6674583482969592e-002,
       -1.2332426883596148e+000, 5.9625628209272175e-001,
       -1.7429748142662580e+000, 8.3678651751498068e-001,
       4.9103647926794407e+000, 3.8479320088506991e-002,
       -1.7235096066972431e+000, 6.4262854061024877e-001,
       4.0510180055484035e+000, 3.7050769445270110e-001,
       -7.8715242227614457e-001, 5.4079474280290318e-001,
       3.4697183690594766e+000, 1.1560335461070954e-001,
       -1.2533297341166016e+000, 8.3009096920304493e-001,
       4.8181270877705495e+000, 8.3759161062151258e-003,
       1.0028616703389726e-003, -2.2797487016499396e-001,
       -1.4641179791674064e+000, 3.9090768290656702e-001,
       -1.5646788162175573e+000, -1.2645580517631634e+000,
       4.5733384295802351e+000, 7.5180029450541933e-002,
       1.0138694793144776e-002, -9.3236276954528186e-002,
       6.0733759695096845e-001, 2.5897427925603156e-001,
       1.2455113292426684e-002, -9.2201864803460876e-002,
       -1.1517396882107586e-001, 1.5837679993912582e-001,
       -3.8087777494186614e-001, 3.8339207553937593e-001,
       1.1985649447067610e+000, 8.7999851249081912e-002,
       -6.8295247424640243e-002, 3.9234469055172105e-001,
       2.1016351951943379e+000, 2.8718928787588169e-002,
       -1.9482654302143293e-001, 4.7803241269054619e-001,
       2.6675879389439690e+000, 6.3247379952885277e-002,
       -6.9336067657205391e-001, 4.6162228478436562e-001,
       2.2648078904491156e+000, 2.3781376727230957e-001,
       -2.5882412433547575e-001, -1.2869496802514946e+000,
       5.9170153488003674e+000, 4.8799414830068152e-002,
       -1.4184325706477128e+000, 8.0519306866093365e-001,
       3.4947840049050951e+000, 3.0711917965131713e-001,
       -1.4202599447068851e+000, 7.7853125168260617e-001,
       3.6179965449724918e+000, 2.9581667786310345e-001,
       -5.7290069113552944e-001, 6.3657927441242224e-001,
       2.8320135853015094e+000, 1.4892052023734892e-001,
       1.7638351535331168e-001, -5.9314997639355813e-002,
       -4.0400827916707680e+000, 3.8918787717538955e-001,
       -1.1432007687888276e-001, -1.5776029138147207e-001,
       -4.6609097448268116e-001, 3.7240862125653257e-001,
       -1.2335924766353819e+000, 6.3721072447906790e-001,
       3.1847861204709100e+000, 2.3986616618957290e-001,
       -1.1320227083318402e+000, 7.1411337982947121e-001,
       3.1810952511717026e+000, 2.3382707445037812e-001,
       -1.3070591194893558e-001, -3.3327021799666415e-002,
       -9.8010541490960598e-002, 2.7576783217744277e-001,
       -1.3520105358356731e+000, 8.3688175399871045e-001,
       3.3836956030635932e+000, 2.9960398679794337e-001,
       -6.2036725565876294e-001, 5.3159863651906236e-001,
       3.2320377066336574e+000, 1.2833927895467348e-001,
       -2.1142331885377761e+000, -1.8444703721803091e+000,
       6.4243001592227120e+000, 1.1141562007721303e-001,
       -2.7416518777566562e-001, -8.3017818828193396e-002,
       -5.9701667038083175e-002, 5.8011559543903612e-001,
       2.2060716182766016e-001, -4.3026792299878747e-001,
       -1.4556951778377498e+000, 4.6833269878391498e-001,
       -2.2054733691912687e+000, -1.9373085005089272e+000,
       6.7162978888894873e+000, 1.3639124724058677e-001,
       3.2972378698115437e-004, -8.9185069009756562e-002,
       -1.5141457674926878e-001, 1.2691179265612310e-001,
       -1.9036458585153615e+000, 3.7573637771958296e-001,
       4.9417442598536336e+000, 2.9743499563884429e-001,
       -8.2404972450542818e-002, -1.7282184364168929e-001,
       -4.8828368777809183e-001, 1.5989571166094710e-001,
       -7.0239024066731082e-001, 5.0694847547320876e-001,
       3.3928658516421790e+000, 1.2391295701073386e-001,
       -6.7747214697306646e-001, 6.3984132658270521e-001,
       2.8663081999724236e+000, 1.5642274215986773e-001,
       -7.6805203516809006e-001, 4.1413377773308829e-001,
       3.6175834019089939e+000, 9.4865721896859365e-002,
       -1.2035718995665740e-001, -1.1705338709760592e-001,
       -4.5616954991928005e-001, 4.3689175677194059e-001,
       -4.7468398901928968e+000, 3.8867158021727222e+000,
       1.3393915727551494e+001, 2.4858197818647063e-001,
       -2.0836812583984528e+000, 4.3018122128164610e-001,
       4.8549145676399510e+000, 3.6630143232662521e-001,
       -3.1781691385342894e+000, -2.1413015243777553e+000,
       7.9922979118969586e+000, 9.8310755798337410e-002,
       -8.2349232359624747e-001, 3.6499811658629622e-001,
       1.7089284236036872e+000, 4.1280945464366131e-001,
       -4.4393739544455407e-001, 6.4624227313648208e-001,
       1.9502259265132329e+000, 1.9650254141552692e-001,
       -7.4776292721514548e-001, 7.0510476579969927e-001,
       2.8680673244479111e+000, 1.6800481871066292e-001,
       1.2221267753476645e-001, -5.6812985739009295e-002,
       5.3888090489976603e-001, 2.3329095008974174e-001,
       -8.6209704710411494e-001, 6.8625251700224366e-001,
       3.0178458665303562e+000, 1.9870403210427628e-001,
       5.0980619757331341e-002, -2.0514039120541194e-001,
       -8.3517814113977040e-001, 5.9542499662600956e-001,
       -1.1804368940735330e-001, 3.9036420811134298e-001,
       2.1406217143377111e+000, 6.6131246726757922e-002,
       -1.4064010873079857e-001, -3.8917806104434771e-001,
       -1.2352021297115399e+000, 1.2220951819163905e-001,
       -2.7895149939736896e+000, 1.3579550384629293e+000,
       7.8475800559511750e+000, 2.3876164777539868e-001,
       -2.5596339114448752e-002, 2.1113426386037476e-001,
       1.0245996861253954e+000, 1.0339386946648094e-001,
       -6.1920162688630698e-001, 2.5479735280129323e-001,
       9.0627576432914370e-001, 4.3387609028282326e-001,
       -1.6102786143571035e+000, 9.0065851339916270e-001,
       3.4849569352824514e+000, 3.1789914192028418e-001,
       -4.8790546323607673e+000, 2.7713412583432397e+000,
       1.2490020916220608e+001, 4.0566599863282059e-002,
       1.9304739172693784e-002, -8.5630926412112035e-002,
       -8.4599490836505031e-002, 1.5740442703371202e-001,
       -2.0389934402315264e+000, 4.0750684640065094e-001,
       5.1501249286946944e+000, 6.9280529203235464e-002,
       -2.8566406661734389e-001, 1.7983498845484544e-001,
       5.3353868831755129e+000, 4.2755957857415497e-002,
       -1.1892909125201365e+000, 7.4189765879119585e-001,
       2.7654726677660344e+000, 2.7036953757275134e-001,
       -1.9750878226637143e+000, -3.3886541893071909e-001,
       5.5390164930969679e+000, 4.9164510906599034e-002,
       -2.8391309958607142e-001, 5.0184215803471499e-001,
       3.4708573967028755e+000, 4.6974892711711638e-002,
       -1.0945255737508759e+000, -4.1206383799670288e-001,
       2.2063825213859731e+000, 4.6620451756589482e-001,
       -3.6808095071796589e-002, -4.2386691999282478e-001,
       -1.7852849933040020e+000, 1.7037025888059140e-001,
       -1.2849479758702320e-002, -1.1084235402486481e-001,
       4.3153695484283167e-001, 2.7450574157621022e-001,
       -1.2539479487926569e-001, -1.1156393182283694e-001,
       -4.3103031698197558e-001, 4.3509944524735111e-001,
       -1.9025492252523706e+000, -1.4196613042074979e+000,
       6.0377893776841702e+000, 1.0448726539288361e-001,
       -7.9325250432814476e-001, 5.5112210809455553e-001,
       2.6834581734331309e+000, 1.9370611630544615e-001,
       9.6925435368005075e-002, -2.1912506742798657e-001,
       -9.4238154210945235e-001, 5.9524447623213916e-001,
       -1.2989042961789374e-001, -2.5156209006195812e-001,
       -8.5831550239112575e-001, 2.1142778482259111e-001,
       8.3834249506639633e-002, -2.7922255438512789e-002,
       -1.3049700085593756e+000, 5.7844991630425246e-001,
       -9.4882491077006259e-001, 3.9445251594470931e-001,
       2.3225159501255432e+000, 1.4205828040709084e-001,
       -3.3359259341111720e+000, -1.4470718185077747e+000,
       7.4587595936964455e+000, 3.1913866005552971e-001,
       -2.8060650711258450e+000, -3.2617161760519575e-001,
       5.9927353740343676e+000, 3.7578560350475709e-001,
       -5.3393560511494997e-001, -5.7726618652872785e-001,
       -2.3847307634353196e+000, 4.6860063768789158e-002,
       -1.0534731262198851e+000, 3.5554053942727364e-002,
       4.3253396870731597e+000, 2.9437532893107758e-003,
       -1.8037799040526861e+000, -2.8850208382107612e-001,
       5.3775260408370169e+000, 3.0882682834158147e-002,
       8.1943706395914390e-002, -1.7503954420482290e-002,
       2.7398379733929562e-001, 1.4844683640766984e-001,
       -1.6282181681366172e+000, 9.8780334113549972e-001,
       5.3375532240067951e+000, 8.5605065213806937e-004,
       -1.9206645707212084e+000, 2.7301809998475102e-001,
       4.4945582404988835e+000, 3.8141664233430300e-001,
       2.8696275679107297e-001, -8.7260227320260814e-002,
       9.1699409982738911e-001, 2.7460221335283980e-001,
       -2.9754072921913932e-001, 4.5399846775462060e-001,
       2.8585405503980992e+000, 1.1591177990198573e-001,
       -2.2272339411432987e-001, 4.8629272889887676e-001,
       2.4030688927749742e+000, 9.9246472583193898e-002,
       -1.2966008280498945e-001, -2.5505486386583615e-001,
       -8.7005599295665537e-001, 2.1166319483708856e-001,
       -2.1856325260647858e-001, 3.4414904627478093e-001,
       2.2540348923165063e+000, 1.0666709610375048e-001,
       -2.7428897881541969e-001, 4.9669620427206573e-001,
       3.5077123590180870e+000, 1.5091354265853736e-002,
       -2.9264611369298179e+000, -1.2685001075898676e+000,
       7.0700522878542298e+000, 1.9003721305118967e-001,
       1.1017114765366931e-001, -4.9404025716032018e-001,
       -1.5975349783181305e+000, 2.2605200168257086e-001,
       8.8789645962314678e-001, -1.4245977034585162e+000,
       5.1573621535299914e+000, 2.5304299483290854e-001,
       -2.1979208976229963e+000, -1.1777378803657435e+000,
       5.5961936248896897e+000, 2.9295090204524082e-001,
       -1.6109500636007323e+000, 8.5939123884224355e-001,
       3.3295979989392750e+000, 4.1297575673737469e-001,
       -5.6261314911140461e-002, -2.1931187039922845e-001,
       7.0138637924461644e-001, 2.3678403855504301e-001,
       -6.2065325109053437e-001, 2.5667535553062593e-001,
       9.1315611602688318e-001, 4.3169782522609512e-001,
       -1.9078357643182211e+000, 4.0625248359036059e-001,
       4.8987109315716779e+000, 3.0084614174393842e-001,
       -1.4801078499163447e+000, 8.4696807626210757e-001,
       3.3835333698142827e+000, 3.4721339635764897e-001,
       -1.7630840661987426e+000, -9.0584686685381333e-001,
       3.2777129693720570e+000, 5.9144585096613678e-001,
       -1.9103667949456354e-001, -2.6837388989414623e-001,
       -8.2060657689337280e-001, 1.2804259547125729e-001,
       -2.1405668742780355e+000, -1.8871291606911726e+000,
       6.5272567481678534e+000, 1.4284295545299314e-001,
       1.8153404773603427e-001, 7.2015698282712898e-002,
       -1.7717125053926064e+000, 5.5079476793163695e-001,
       6.1078337838017160e-001, -8.5826835597175322e-001,
       -2.5359711689916207e+000, 4.0830153976480649e-001,
       -1.7500914458689099e+000, 5.3397640356093801e-001,
       4.1825055631058765e+000, 3.2882538744085110e-001,
       -1.0285706908273364e+000, 7.9836292719009927e-001,
       2.3349050796374211e+000, 1.7395490987695553e-001,
       -1.5210644258564145e+000, 7.4617108655815012e-001,
       3.9236556369778679e+000, 3.0569890382261744e-001,
       1.8808779322438143e-002, -9.6802405691360227e-002,
       6.5614581412785711e-001, 2.6291390184997071e-001,
       4.6004446862153131e-002, -5.1947692907986218e-002,
       6.9105567881940916e-002, 1.4572303285198029e-001,
       2.7594394150422275e-001, -7.7709679250066513e-003,
       7.9194889384897127e-001, 1.8380548390335735e-001,
       1.9373396305325508e-001, -4.9970419213729272e-001,
       -1.7826658360495942e+000, 3.7243994119560864e-001,
       -2.2460130299966816e+000, -1.9837334748238757e+000,
       6.8507358807365222e+000, 1.5547318641736860e-001,
       2.3122522336143658e-001, -4.0196931190269164e-001,
       -1.2342547628371223e+000, 5.3606859102896465e-001,
       2.8504007623352701e-001, -4.7946282233367615e-001,
       -1.6180335200674614e+000, 4.5786052294480178e-001,
       -1.2486497917172326e+000, 7.7917810141335053e-001,
       2.9336058993360075e+000, 2.5992229258353550e-001,
       -1.3518476890510034e+000, 8.2074708556345821e-001,
       3.3016842059737170e+000, 3.0005977215245400e-001,
       1.8888434783025716e-002, -2.8228345725788986e-002,
       -4.4660710349110788e-002, 6.5663862489972663e-002,
       5.6319657954879188e-001, -4.7173250160777896e-001,
       -1.9227044280345817e+000, 5.8700029470846682e-001,
       -7.8807055824942185e-001, 6.0065038441887919e-001,
       3.6056920379253481e+000, 1.0963649423101601e-001,
       -7.2101857567950456e-001, 6.8232631070042626e-001,
       2.7767434955991486e+000, 1.5840272626827084e-001,
       -1.7940731188418870e+000, 3.3019663633399876e-001,
       4.8183338702063487e+000, 2.6334909150333713e-001,
       -1.3744762152565948e+000, -7.9653013503673020e-001,
       2.5341213892657017e+000, 6.2014651508804886e-001,
       -2.5867084119221595e-001, 4.4980359908840584e-001,
       3.0763343815785977e+000, 5.8635976689744296e-002,
       -1.4571536862011740e+000, 6.5019862218797042e-001,
       3.8302781545853040e+000, 2.6321084455711730e-001,
       -8.5449226352933882e-001, 6.1982513696078034e-001,
       3.1816930110999593e+000, 1.5272973089766101e-001,
       -2.4326282818595941e+000, 4.9039190059014282e-001,
       6.1238479902597884e+000, 1.0060241216543263e-001,
       -1.2666406625096645e+000, -7.0817847650768551e-001,
       2.1174705482579155e+000, 6.5925494819311614e-001,
       6.2260458525000284e-001, -8.0807517040446264e-001,
       -2.3417775918299966e+000, 3.2584039985251739e-001,
       -3.3131744380466360e-001, -1.4185271286325357e-001,
       6.3343979081017604e-002, 6.2259528388185081e-001,
       -2.9133363406510016e-001, 4.8052816189752967e-001,
       1.4943750604277704e+000, 7.4863104965837327e-002,
       1.0217777985783758e-001, -3.4724356793078975e-002,
       3.5696623512307579e-001, 1.8525774486855637e-001,
       -3.5348662770817024e-001, 5.2937926677030966e-001,
       1.6342470145226291e+000, 8.8222042500880379e-002,
       8.7588345025917225e-002, -2.4510497349396754e-002,
       -1.3217947187208297e+000, 5.7752793720812157e-001,
       -2.6453138505994878e-001, -9.0817673118303577e-002,
       -9.2753397742765448e-002, 5.8919072981091292e-001,
       -1.7226986297228848e+000, 8.1248147291329209e-001,
       4.8639518272673374e+000, 7.0703897007029795e-002,
       -7.8967358067621318e-001, 4.7946473162413894e-001,
       3.4732563466584887e+000, 1.0935741801740791e-001,
       -9.6575952489832595e-001, 4.0172667882271962e-001,
       2.3588867414547785e+000, 1.4829724560299459e-001,
       8.1639971617276125e-002, -6.5751063242311850e-002,
       3.4335525387879939e-001, 2.1788818803341728e-001,
       -1.9007873228146091e-001, -8.2078049268490028e-001,
       3.8250645630525497e+000, 1.9176529412735462e-002,
       -1.4383691898204263e+000, 6.3835497055971691e-001,
       3.6979488046048488e+000, 2.8273804751946013e-001,
       2.1033568515993495e-001, -6.4984534629972845e-001,
       -2.0187869479761869e+000, 3.7334605421252826e-001,
       -1.4800152782767262e-001, 6.8289117144589767e-002,
       2.4932088100898246e+000, 1.2507898808216791e-001,
       -2.8913367535327028e-001, 5.2870123976206829e-001,
       3.7919381946877806e+000, 5.5575824665791904e-003,
       -8.4225452793315547e-001, 5.2927931756932634e-001,
       2.4436347331127291e+000, 2.3367075045423449e-001,
       -6.2978012904750594e-002, 2.2873589491875784e-001,
       1.0510660838943262e+000, 8.4511643278693038e-002,
       -2.2977089527068877e+000, -7.0213999691797646e-001,
       6.2273720814907696e+000, 7.4180158869897289e-002,
       -2.7615840016568072e+000, -1.8116843509389720e+000,
       7.4018188152213789e+000, 3.0226857828075247e-002,
       -4.4833902644084489e-002, -8.9768475160941974e-001,
       -3.8772306087723152e+000, 2.2102930455261316e-001,
       -4.7287557810290204e-003, -7.0158984873803043e-001,
       -3.2210276530307493e+000, 2.2711454937729630e-001,
       -1.8517456003370183e-001, -2.4322823714363714e-001,
       1.5646406550934833e+000, 1.3834908950967464e-001,
       -2.5352471041131590e+000, 1.2395463241941336e+000,
       7.1443531919900227e+000, 2.1545386897808286e-001,
       -1.7497815637887730e+000, 8.5431271111645257e-001,
       4.9114908487229814e+000, 2.8732545749934630e-003,
       -1.8176128399970376e-001, -3.6050009475893385e-001,
       -1.0163263757182226e+000, 6.4556599022885436e-002,
       -1.6455004116177047e-001, -2.0620313804654175e-001,
       -6.6666211539186038e-001, 1.2765763332334745e-001,
       -9.1499083608877285e-001, 5.3878923876179208e-001,
       3.4824987668116094e+000, 1.2722313314603664e-001,
       -4.8753100755689102e-002, -6.2613313759144162e-001,
       -2.7827100918746259e+000, 1.9240189611808328e-001,
       -7.9261015152934400e-001, 3.7641276354834996e-001,
       3.5223678573780401e+000, 6.0198927260406106e-002,
       -1.5405531265208736e-001, -1.9926341470838177e-001,
       -7.2010094919812917e-001, 2.6233734065876096e-001,
       -1.2416515153308391e-001, -2.9276510671541550e-001,
       -8.8217995550987238e-001, 1.6734283327760371e-001,
       -5.2854740664933578e-003, -2.7762791408914833e-001,
       6.1636706653660375e-002, 5.2261850047439851e-001,
       -2.8643445226308630e+000, -1.0991881988529024e+000,
       7.0640531721441828e+000, 2.2723390535831292e-001,
       -8.8577198453209244e-002, 3.9869626258644852e-001,
       1.7150795474270615e+000, 7.8666581322995588e-002,
       -1.7609944372103419e+000, 5.1846975569763221e-001,
       4.1877004492764254e+000, 3.2732423466241972e-001,
       -1.0532169972712675e+000, 4.2705711886111664e-001,
       2.5866484951470152e+000, 1.8300643974217337e-001,
       -2.1312893150298975e+000, 4.0016890601746435e-001,
       4.3594780777020246e+000, 4.2438581314061280e-001,
       -3.5401777834951353e-001, 5.8032643317517807e-001,
       3.7733814269046348e+000, 6.8793209045085874e-002,
       -1.7060529116236769e+000, 3.9793006314239338e-001,
       4.6741519887347174e+000, 2.5472630496577536e-001,
       -1.6422750300184918e-001, -2.0665061908256580e-001,
       -6.6640558034300856e-001, 1.2817897416309754e-001,
       -6.3601323507122687e-001, 4.2565198667785364e-001,
       1.0863506993172583e+000, 3.9593197295815769e-001,
       3.2803864652421733e-001, -4.4545680606721000e-001,
       -1.4861666428539619e+000, 5.3972957670645516e-001,
       -8.7019040337122128e-002, 4.1556982809100096e-001,
       1.8023264665236063e+000, 6.9155227467303501e-002,
       5.3419338071080968e-001, -7.9253065056612582e-001,
       -2.3387210455018530e+000, 2.2029033480578419e-001,
       1.5914358697884960e+000, -8.6337472095264334e-001,
       -4.2468589138790866e+000, 4.0836408401961188e-001,
       -3.0294360078018258e-002, 2.6772729202455875e-001,
       1.2701014477938370e+000, 2.6497531262577170e-002,
       -9.0824170834870863e-002, -1.7625101039855523e-001,
       -5.1182055043955321e-001, 1.9931473429520802e-001,
       -1.7080711660072434e+000, 6.4617268287591978e-001,
       4.0525865530421985e+000, 3.4651024712642298e-001,
       -7.5875620049200454e-002, -1.7228825577740292e-001,
       -5.7351272468907921e-001, 4.6558150990095670e-001,
       -5.5619593291620673e-001, 2.6989610591971352e-001,
       1.5003586914393634e+000, 9.3505968488444349e-002,
       -4.8706935799538942e-001, -5.3016910769668790e-001,
       -2.2647096829777178e+000, 1.0735919249414230e-001,
       1.4050313411896542e-001, -4.4800723637966791e-002,
       6.4569959007026900e-001, 2.3168624474582011e-001,
       -1.7731314566287162e+000, 6.0105545235506397e-001,
       4.1237391202091320e+000, 3.5338387423638007e-001,
       -5.4465385576629632e-001, 5.9445300169642445e-001,
       3.0252280421871149e+000, 1.2852484620865565e-001,
       -1.2390080871677229e+000, -4.5565719452171144e-001,
       2.7106223999840298e+000, 3.0137102844843777e-001,
       -7.6251374254783433e-001, 5.5484478658153868e-001,
       3.1274631557186678e+000, 1.2768996977856800e-001,
       3.0858397641025929e-002, 3.0785764463375320e-001,
       1.3631555313304795e+000, 4.5811786196843906e-003,
       -2.7817234261952652e+000, -1.2508019081418078e+000,
       6.8715624024028017e+000, 2.9626839468640426e-001,
       -3.8046079189541415e-001, -4.9115325721825454e-001,
       -1.7390913883363597e+000, 2.4699928369877930e-002,
       9.1416297927039702e-002, -2.0891625078952369e-002,
       -1.3395767040949411e+000, 5.7661036996598602e-001,
       -1.1064886798444249e+000, -4.1885011893815394e-001,
       2.2296086880418668e+000, 4.7155680888414925e-001,
       1.4232566317349544e+000, -6.5181662375650862e-001,
       -4.1420693330034837e+000, 1.7031204981745834e-001,
       3.0506238634975119e-001, 1.6245964730925627e-002,
       9.1842527980101096e-001, 1.6763922528027095e-001,
       -4.8989847375817366e-002, -1.5104720013269174e-001,
       -3.7071893906321762e-001, 1.9390630424853197e-001,
       -3.1764220714929278e-002, -1.2224283650642492e-001,
       -2.9308451574492322e-001, 1.2957003646669027e-001,
       -1.5778626814574697e+000, 5.9636038903209898e-001,
       3.9190934087561082e+000, 2.8804525642658330e-001,
       -1.7116456811622567e+000, 4.5262544601749255e-001,
       4.6085231925153938e+000, 2.5997740998058205e-001,
       8.5148879580522170e+000, -4.1420534495067027e+000,
       -2.3942198967037243e+001, 6.4953740252572348e-002,
       -2.6143258160139088e-001, 4.5938709255929344e-001,
       3.1616514294272218e+000, 4.9908353747471386e-002,
       -1.7917065343675251e-001, 4.7422942789121181e-001,
       2.8375168650060991e+000, 1.8459711155681981e-002,
       -9.7204314225838262e-001, 5.5708645048516214e-001,
       2.1244946110894087e+000, 1.6013231173065473e-001,
       -1.8190547191244566e-001, -3.6005661317519189e-001,
       -1.0149851323548491e+000, 6.4759583573927651e-002,
       1.4161564126768095e-001, -4.2937085704709554e-002,
       6.3845222900237752e-001, 2.2835044355681583e-001,
       -1.7315238789234462e+000, 6.4898849601581321e-001,
       4.9129158526909906e+000, 1.7613068347075139e-001,
       -1.4377215810334265e-001, -6.6211511537548029e-001,
       -2.8260188809176627e+000, 2.1257368909782044e-002,
       4.3482990874865657e-001, -1.0648276789856961e-001,
       1.7470548766186389e+000, 1.7172003983829220e-001,
       3.0798459390191929e-001, -4.0454942737728511e-002,
       1.2890667258671318e+000, 2.4127242131300283e-001,
       -8.4391846621548527e-002, -4.0691830209001756e-001,
       1.7520188000149084e+000, 7.1898360638903300e-002,
       -4.1872335871903216e-001, 4.8446474088906746e-002,
       4.2423261739168583e-001, 5.1502471303951070e-001,
       -4.1283009555971550e-001, 4.1062537099749791e-001,
       1.1193637751645054e+000, 1.9227984656435698e-001,
       2.2158890477001703e-001, -6.7630773513115888e-002,
       5.5326917088177230e-001, 2.5291456021320874e-001,
       -1.3203464616935578e+000, -2.7469317583286201e-001,
       2.8953609771478312e+000, 6.0571490879317702e-001,
       -5.4301346145487733e-002, -1.4450201265446355e-001,
       -3.6537352433750403e-001, 1.2375805733652830e-001,
       -2.1608602448087337e+000, -3.2309714184613553e-001,
       5.8426066452661090e+000, 2.1229860440722861e-001,
       -5.2600762546182638e-003, -3.3836784117143678e-002,
       -7.8618397145833255e-002, 1.9501256036849900e-002,
       3.7653342158266039e-002, -1.0370454540151219e-001,
       -5.9971906194759859e-002, 2.1810123415258242e-001,
       -3.1725080928435745e-001, -4.7333417195721074e-002,
       1.1678106041507597e-002, 5.8464010294775948e-001,
       -8.3998899443445241e-002, -2.3126595888933085e-001,
       9.2197308971331915e-001, 4.0181757026558573e-001,
       -8.0753341886384113e+000, -1.3893299914635298e+000,
       2.2437309135113011e+001, 3.0111331403904962e-001,
       2.3449600810878635e+000, 2.7534194580874671e-001,
       -6.1277890273271058e+000, 2.1245095742028841e-001,
       6.9380706131136911e+000, -3.7707334474633853e+000,
       -1.6007708350773296e+001, 2.1023380898664398e-001,
       -8.8655777041711500e-002, -1.0475094877690071e-001,
       5.9688037319745320e-002, 2.8569282340217972e-001,
       -1.7261046504682950e-001, -3.7049231494638013e-002,
       -1.7400271924221219e-001, 4.1840285048730763e-001,
       -2.4021851872722788e-001, 4.9806705263151285e-001,
       2.6227210147556557e+000, 9.4550066782918774e-002,
       -2.1078155324769883e+000, -9.2541560532432943e-001,
       5.1416811701703002e+000, 1.0238099852157910e-001,
       -2.0837119672480684e+000, -1.7127879360224374e-001,
       4.6613838089892266e+000, 4.6545917854902541e-001,
       -1.8780431118604950e+000, 1.0081498281767254e+000,
       4.7756225314250864e+000, 4.0368486601257364e-001,
       -1.4567242439971611e+000, -2.9394106776638135e-001,
       3.7209868503866312e+000, 1.9221533455468959e-001,
       -6.0342238026697070e-001, 5.3226500034226742e-001,
       3.1006585835617688e+000, 1.3032356345386317e-001,
       -2.8580505855480798e-001, -4.6762894383829558e-002,
       3.7062301671781095e-003, 5.4263171769685969e-001,
       -2.9997610263445940e-001, 4.0167792587906072e-002,
       1.0379916912460009e-001, 4.9387276673574582e-001,
       -5.9749844836613532e-002, -1.5206992927452395e-001,
       -3.9869633885617140e-001, 1.3560059478859604e-001,
       -5.5805809753693769e-001, 2.1719086355583136e-001,
       1.3746023277725699e+000, 4.3811802159933633e-001,
       2.5207490636272512e-001, -8.3433748032654929e-003,
       6.7520115680424109e-001, 1.0286690173748325e-001,
       -1.2471044391937003e+000, 4.9889345023701359e-001,
       3.0373024549559497e+000, 2.2512700106143754e-001,
       8.9892499274519574e-002, 7.8673243027145429e-002,
       3.2495841137395420e-001, 3.8941920984850366e-002,
       -1.2375748941415353e-001, -2.2237454417319102e-001,
       -7.9315183534508438e-001, 2.5467312627476868e-001,
       -1.8211874900935970e-001, 2.3824298167174747e-002,
       3.9064250715568585e-002, 3.4438457776828862e-001,
       -1.1614148657533159e+000, 4.5539489690145551e-001,
       3.3231001532244244e+000, 2.1051505957375255e-001,
       -1.2408763975104355e-001, -2.3626821564844094e-001,
       -8.9109510604517372e-001, 2.6332572012653083e-001,
       -2.1715686594642092e+000, 3.1506469438667695e-001,
       4.9363939717945335e+000, 3.5274772384162151e-001,
       -8.3417638051527887e-001, -4.8731584705921588e-001,
       1.1843824712038895e+000, 6.8325298189657979e-001,
       -1.2903665511102436e+000, -7.9241924862883106e-001,
       2.9768043524011722e+000, 1.3962236012722279e-001,
       -1.2259156696013958e+000, 7.6394722001514148e-001,
       3.0535330696535898e+000, 2.8874042967278341e-001,
       2.4457284483735187e-002, -9.8769994380731363e-002,
       -8.1216604919209079e-001, 7.0099196729323066e-001,
       -9.3752298742336837e-001, 7.1176074699398595e-001,
       3.6614547821995407e+000, 9.9737304147329411e-002,
       -1.1983346560023320e+000, -6.9729278104255887e-001,
       3.2775270249554191e+000, 1.5279411059121983e-001,
       -1.8385301500207993e-001, -2.6172154806224662e-001,
       -7.9706891394479906e-001, 1.2789443964188169e-001,
       -5.5663549183579120e-001, 4.5738170452888849e-001,
       3.0545369011898034e+000, 1.2587045176831999e-001,
       -2.8648633531807985e+000, -1.9028399966027045e+000,
       7.7220452369155881e+000, 9.3980556262812757e-003,
       -1.0226614637365128e-002, -3.6928849724613533e-001,
       -1.1630265888551361e+000, 3.1583018074636904e-001,
       -9.0569090865782728e-002, 1.4332807064238373e-001,
       8.8821732069850945e-001, 5.8114105035183168e-002,
       -1.6540015174625050e-001, -1.8699661075206936e-001,
       -5.1743876791400094e+000, 5.8352311751528232e-002,
       2.6949623284746138e-001, -3.9964599591812910e-001,
       -1.9407811318687451e+000, 3.3923977845942838e-001,
       -5.6264780880066834e+000, -3.8713870144613503e+000,
       1.6708572726076099e+001, 3.1922860163091082e-001,
       -2.7398332488756832e-001, 2.2195331488118336e-001,
       7.5245471019176402e-001, 2.5074334956882421e-001,
       4.3238978381320139e-002, -5.9801045354373514e-002,
       3.8218124441680962e-002, 1.5145592193934487e-001,
       -3.9157461555189910e-001, -6.1016872017702034e-002,
       3.1002948105608441e-001, 5.3652490650673590e-001,
       -1.2308541545549020e-001, -1.1313646012845763e-001,
       -4.4293665062207899e-001, 4.3536877369112270e-001,
       -4.2096916830081454e-001, -2.2169222042456874e-002,
       3.1861899344952338e-001, 5.6168821407019098e-001,
       2.1269372249327331e-001, -3.7992873226463025e-001,
       -1.5559521054210053e+000, 3.7608775918520976e-001,
       -1.9738773314342173e-001, -1.4107014574883829e-002,
       -1.0372484048308865e-001, 4.3594055770732776e-001,
       -3.2892540026720221e-002, -5.1349014352642153e-001,
       -2.4127284051765931e+000, 2.4352703484332450e-001,
       -6.0481506296410942e-002, 3.5898407081332206e-001,
       1.7768709428697320e+000, 3.7042476319478122e-002,
       -1.5310133974675247e-001, -2.2289357405014590e-001,
       -7.0551363664318478e-001, 1.7165840100043656e-001,
       -1.2506663297332007e-001, 4.3782559403573743e-002,
       2.2057656306177309e+000, 1.4520948148061238e-001,
       -5.8534883180455806e-002, -1.4834859628925046e-001,
       -3.9557857958224840e-001, 1.2697697059658081e-001,
       -1.2447697319572164e+000, 5.3484380178342805e-001,
       2.8752294698530219e+000, 3.2606591190663625e-001,
       -8.0008732108257555e-002, 1.3084834691582686e-001,
       8.2034096786175259e-001, 2.5696433640238894e-002,
       -2.7616250956701904e+000, -1.7273328407716604e+000,
       7.3556613591242952e+000, 4.7475121502180591e-002,
       -5.8923613023684274e-001, 6.0012339409879822e-001,
       2.8627547993814733e+000, 1.4641565802785006e-001,
       1.3527752931147818e-001, 1.0460284329075253e-002,
       -1.7859534771530663e+000, 5.4989217218996211e-001,
       -9.8074366168285132e-002, -1.6149572913916693e-001,
       -5.4925382990507510e-001, 3.0158520473865019e-001,
       2.7157408929324611e-001, -5.3399621181802148e-001,
       -1.5425716733161072e+000, 4.6664770572629172e-001,
       -4.4470324143624257e-002, -3.1266393343999582e-001,
       -1.1301777048905710e+000, 2.9784261851327887e-001,
       -5.6706751644021766e-002, -1.4831802004100358e-001,
       -4.0012909241471817e-001, 1.5226917240535809e-001,
       -1.1804361482769317e+000, 8.3071158473233231e-001,
       4.1940906478752558e+000, 6.8887577925395529e-002,
       6.1902440698057950e-003, 1.0319117498610941e-001,
       3.0325046690041357e-001, 9.6167058820624835e-003,
       -1.8141232067260387e+000, 1.3639147428818077e+000,
       5.1804523890883853e+000, 1.9983863076271130e-001,
       -1.7860896312531230e-001, -2.8900933912710938e-002,
       -1.4419839238025067e-001, 4.1566032751453819e-001,
       -3.0035088976025754e+000, -9.6250178116252161e-001,
       6.7474883484827251e+000, 3.3115990056043965e-001,
       -2.7152310914420580e-002, -1.2721552091841620e-001,
       -2.8378472876836125e-001, 1.5994327777703049e-001,
       -2.4177899934119154e+000, -1.8680928956521299e+000,
       6.9748336388378025e+000, 3.3829340419977032e-002,
       1.5092301625036757e+000, -7.9661607521172995e-001,
       -5.0080374747309975e+000, 4.7575411482109181e-001,
       -2.1773440269532196e-001, 3.6184662338781193e-001,
       1.1154321530730609e+000, 6.1568584152610920e-002,
       9.8405311666685158e-001, -7.8898324180004997e-001,
       3.0360148480001001e+000, 3.0756889867210635e-001,
       3.6382116021983346e-001, -1.1971572082709746e-001,
       1.4523218816249992e+000, 2.7665039310817430e-001,
       6.5593839124945041e-002, -9.5800531013415874e-002,
       2.3279363679613256e+000, 8.9043795250952795e-002,
       3.9105209389860979e-003, -1.2675876861595917e-001,
       -1.9586563438528312e-001, 2.3142658247132702e-001,
       -1.6264419357485971e+000, 5.2822377380784569e-001,
       4.3359540511678443e+000, 2.6158106853354124e-001,
       -1.7279509149277072e+000, 5.6447813256498092e-001,
       4.2980961710293872e+000, 3.0483012107546409e-001,
       -6.7416334501887765e-001, 5.5046496753505458e-001,
       3.2221558422313485e+000, 1.3701023613059460e-001,
       -3.5892286453385780e+000, -3.5371161972340537e-001,
       9.0460524018355901e+000, 7.4107239538856659e-002,
       -7.1228878522334893e-002, -2.4860395402106855e-001,
       -9.0072765810487687e-001, 3.2178825881387507e-001,
       -7.7954573533233351e-001, -2.3342416911320341e-001,
       1.3996231140432820e+000, 6.2010870317658129e-001,
       2.6174884359379685e-001, -8.8463646551875399e-002,
       6.6440893898127884e-001, 2.8528527241378132e-001,
       -6.8032013215724803e+000, 3.8643798939217913e+000,
       1.7411418834495713e+001, 5.9541307936855851e-002,
       -6.6505479108199006e-001, 3.8876556823181607e-001,
       3.4844505567649464e+000, 1.2481582211738589e-001,
       -1.6702975502319806e+000, 6.8563417628391932e-001,
       3.2958237447912069e+000, 4.4027176604741403e-001,
       -5.2570506206099238e-003, -6.5086093305201598e-002,
       -1.8347594272757181e-001, 7.5819205252702138e-002,
       -1.6924232283896616e+000, 1.0289309177649728e+000,
       5.5432316264657899e+000, 7.4048416748746237e-003,
       -2.5234758631361522e+000, -1.7398806503377791e+000,
       7.1199742286057344e+000, 1.2041458821320808e-002,
       6.0296710039193721e-002, 2.4927269679486871e-001,
       2.2443450709403647e+000, 4.6556341091845012e-002,
       -9.8287654014548065e-001, 7.2727304541156790e-001,
       2.3379377035068885e+000, 1.3590455611460300e-001,
       -1.7623852024456945e+000, -1.5941823533259198e+000,
       5.9841730415805205e+000, 1.2687017405215040e-001,
       5.1820155201961454e-002, -1.5849854081174009e-001,
       -8.8871702024415833e-001, 6.1726751184153250e-001,
       6.2066133518021904e-001, -9.2503832811230247e-001,
       -3.8001296510339024e+000, 3.1603589376630464e-001,
       -1.5688424457355732e-001, 4.5426570991432291e-001,
       2.0710093216812560e+000, 9.2829648486090016e-002,
       -2.6010570493555485e-001, -1.7074128903511096e-001,
       -3.7043872685612871e+000, 2.6774596321005179e-001,
       -1.3231403162174034e+000, -4.9697622468445946e-001,
       2.9364369441304259e+000, 2.9030432626516633e-001,
       -2.2231702713014653e-001, -2.0145517266470056e-001,
       1.7086276579451227e+000, 2.3277075002971989e-001,
       -4.5197137710458946e-001, 5.6708517193172525e-001,
       2.6592067308327625e+000, 1.3707261329285431e-001,
       -2.8839081012165757e-001, 4.4277692881420683e-001,
       2.7877875006520583e+000, 1.1007546808700233e-001,
       -1.8998989415193517e+000, -1.1184924732754187e+000,
       3.8920480294475275e+000, 5.4516110224565184e-001,
       -6.5035030102177954e-002, -1.5889814708518468e-001,
       -4.2638546461275373e-001, 1.6896575055137342e-001,
       -7.1329475341376325e-001, 3.4998933412917982e-001,
       1.1129926496527269e+000, 4.4850239231736838e-001,
       3.5632353671457045e-001, -3.8132233422601636e-002,
       1.5440525050812093e+000, 2.3285187821985290e-001,
       2.2441790914893649e+000, -1.9714278815289950e+000,
       -9.7670171172586482e+000, 2.8232287442913462e-001,
       7.3836768450018658e-002, -3.7909281274099482e-002,
       -1.2551097362392734e+000, 5.8050492092788575e-001,
       -1.7182378132054756e+000, 6.3782068666580993e-001,
       3.7361482835829252e+000, 4.1538025718783073e-001,
       2.9046992484826545e-001, -5.2421135803765218e-001,
       -2.1021918826543882e+000, 3.0174344569381373e-001,
       -1.8958766682354178e-001, -1.3987767273837282e-001,
       -1.3999040968133944e-001, 5.0996257545871371e-001,
       -1.6226033515218978e+000, 4.0786762406453902e-001,
       4.3499250601922110e+000, 2.2989586468916401e-001,
       1.1532714818260859e-001, -3.4137954833106110e-003,
       -1.6960779885920829e+000, 5.5461197253885808e-001,
       -2.7339223986522260e-001, -5.5495726436327157e-002,
       -9.0190463060648984e-002, 5.8488746102140809e-001,
       -1.9336350724387250e-001, 8.4389267470429602e-002,
       2.4855724576796379e-001, 2.9971033659079982e-001,
       -8.2987414135525661e-001, 2.0639237942750244e-001,
       1.9207036916930873e+000, 1.9183179897307034e-001,
       -3.1954733494897664e-001, -3.4137663738107149e-001,
       -1.0659911840749814e+000, 1.6647731068468619e-001,
       -1.5195766461147769e-001, -2.4024953915519176e-001,
       -8.1763011070755720e-001, 1.9538259803842811e-001,
       -1.4058973824153704e+000, -7.8439320111994126e-001,
       4.7418774378717572e+000, 9.4523841321401181e-002,
       -1.5990262146865155e+000, -1.0370027197463099e+000,
       4.3603911703974756e+000, 1.2671572927958039e-001,
       1.7411483295197075e-001, -2.6156448147698519e-001,
       4.4680459512777864e+000, 3.1124859226402052e-001,
       -5.5504318371445494e-001, 5.3374155074946883e-001,
       2.6002756055337017e+000, 1.1930102070057800e-002,
       -1.4982029442445601e+000, -2.9609376084280176e-001,
       3.8238752923024526e+000, 1.8551934675711801e-001,
       -1.9198287223888663e-001, 4.7053402145812973e-001,
       1.9996695247249416e+000, 1.0621004380935421e-001,
       -1.4723673873035701e+000, 9.1810715832090728e-001,
       3.2872119466880410e+000, 3.7646350381322335e-001,
       1.7589799584130728e-001, 4.2271322065992392e-003,
       3.5557037768984812e-001, 6.5914591202975534e-002,
       -3.0819166887343883e+000, 6.3328891499352546e-001,
       7.5929589763983802e+000, 2.4771718950433683e-001,
       9.3921036250367587e-002, -3.6752557720639838e-002,
       1.2375623381905013e-001, 1.6657284974410347e-001,
       -9.1145970229207979e-002, -1.7636642889610377e-001,
       -5.9316174040827552e-001, 3.1809969954638767e-001,
       -6.3418213311079247e-002, -1.5442342614399748e-001,
       -4.0176043363189951e-001, 1.2498783890854175e-001,
       6.1849517646523928e+000, 7.1391201925028946e-001,
       -1.4775360806693069e+001, 2.0304340058739413e-002,
       -2.9676838471508683e-002, 5.0184235944766349e-002,
       2.9842053486617132e-001, 1.3196858521881658e-001,
       -1.2937294044444059e-001, -1.3911725165678288e-001,
       -4.1507574992480217e-001, 5.9072756530076553e-001,
       1.3739452882246711e-002, 3.0421542730644704e-003,
       6.2683636699699813e-002, 3.4181381820671361e-002,
       -2.8157774790447840e+000, -5.6671258471762354e-001,
       6.1968345517825405e+000, 3.5136774880373001e-001,
       3.8873545054647551e-001, -7.1462853598323073e-001,
       -2.1382728116144172e+000, 1.7175534725179012e-001,
       -1.1472444396155543e+000, 1.2981279193836088e+000,
       3.9160640236786368e+000, 1.9651488418695712e-001,
       -1.6448512747180637e+000, -6.8660265265940057e-001,
       4.8897554644877967e+000, 4.6294130579120976e-002,
       -2.1041747844684960e-001, 3.6928431576905119e-002,
       9.4042706509868998e-002, 3.7250778460529660e-001,
       -4.8701371383142888e-001, 2.2994310192553274e-001,
       1.0126598109111766e+000, 4.0182771969862829e-001,
       -1.4068818383132875e-001, -7.1211092619795990e-001,
       -2.8885467667697711e+000, 9.0061516662925570e-002,
       -4.6966181864367407e+000, -5.2722764285540547e-001,
       1.1968558240397076e+001, 5.6983604105337940e-002,
       -7.3440831554196628e-001, 3.9688627491554362e-001,
       3.4254937234079073e+000, 1.0635343036818717e-001,
       -4.8628203542681048e-003, -7.8248092893924759e-002,
       -1.0121679154441074e+000, 5.9785513802708534e-001,
       -6.9266186720821687e-002, -1.8584584794294495e-001,
       -4.8093894648465640e-001, 1.0335945346680596e-001,
       2.1427378574585321e+000, -1.6476219510072094e+000,
       -1.0303081491725091e+001, 3.5701431030743269e-001,
       7.4481084360442251e-001, -8.4254613548235713e-001,
       -4.2960383341637831e+000, 1.1181146766038347e-001,
       -1.2327248558269024e+000, 7.6660626151909916e-001,
       3.0642224738874502e+000, 2.9337485864284424e-001,
       2.9777078686715641e-001, -5.2564972082874384e-001,
       -2.1187483010649406e+000, 2.9550006715579868e-001,
       -8.2055075058421689e-001, 2.9670043242973765e-001,
       2.0176446758286355e+000, 3.3384923830697011e-001,
       -8.5879822930483041e-001, 4.4575177678759165e-001,
       1.5943597741672551e+000, 4.5416146307778976e-001,
       -2.8277195287078594e-001, 4.9465465644544315e-001,
       1.9505444577435964e+000, 1.6527375042621137e-001,
       -1.7491078985136932e+000, -8.1111891565722893e-001,
       4.9791461947311966e+000, 2.6685252183133775e-002,
       7.4516914776070003e-002, -4.4458038633455454e-001,
       -1.4074365817945464e+000, 2.7883545909783264e-001,
       -7.7129452658276129e-002, -1.7913144475284051e-001,
       -4.9695826373841201e-001, 3.8232055543979612e-002,
       -2.9978741433183469e+000, -6.2469108259556494e-001,
       8.2823083620663311e+000, 3.0937796034296396e-002,
       -9.8074344515624495e-002, -2.3858094045313843e-001,
       -7.8032997524977366e-001, 2.5148380203015386e-001,
       -6.2615674094105622e-001, -2.7336913193431067e-001,
       -1.9821671289903011e+000, 2.5891001688645005e-001,
       -2.1229362866347667e+000, 4.3353382009307440e-001,
       4.9329371494159773e+000, 3.7957342942222544e-001,
       1.9921730567910143e-001, -4.6430924216878644e-001,
       -1.5653516882225225e+000, 3.9026479583852886e-001,
       -2.0893098277043626e-001, -3.2064588863325610e-001,
       -9.2497999644417206e-001, 7.5608859539642345e-002,
       -1.1640416470761553e-001, -1.9022165618182874e-001,
       -6.5145741815489588e-001, 2.4202033199518752e-001,
       -1.7459144477966053e+000, -1.2271615182146598e+000,
       5.8947367726618749e+000, 7.7513215107007649e-002,
       1.6716732737137985e-001, -6.0482927028974509e-001,
       -1.6905380251915294e+000, 1.7130529840401240e-001,
       -3.4749427257819860e+000, -1.1353853698100211e+000,
       7.9120561703451102e+000, 3.0133023436721867e-001,
       1.7685934720668866e+000, -1.5460535002235969e+000,
       -4.9171856668694245e+000, 6.8440252485987826e-002,
       -1.0515113733885793e+000, 8.1597302830185958e-001,
       2.3720320702844360e+000, 1.9013411215354389e-001,
       -6.3363670790503646e-001, 6.7203065025141018e-001,
       2.8755792524937540e+000, 1.5290928804275350e-001,
       -1.4946655707527938e+000, -3.4940995123201102e-001,
       4.8572486511501030e+000, 1.5076174712215175e-002,
       -1.8780483641350144e-002, 2.9390437545181954e-002,
       9.2553228550465244e-002, 5.5503614573693745e-002,
       -1.4364446911816556e-003, 3.7883155479558582e-002,
       1.5262989221463971e-001, 2.6857581443967646e-002,
       -1.2562326211357873e+000, -9.2315222723822288e-001,
       3.1439967368751178e+000, 1.2882691771902688e-001,
       1.8741719459427500e-001, -3.5234502420168162e-001,
       -1.4747458249716447e+000, 4.0747119565983242e-001,
       -1.8259847675120522e+000, -1.5982167331485347e-001,
       3.9562396975187273e+000, 4.9953174520038329e-001,
       2.3974075156907954e-001, -2.6737105807187949e-002,
       6.3143841628996067e-001, 3.2084460000933110e-002,
       -8.4172876757924675e-002, -1.7711724036435453e-001,
       -5.8704593245529324e-001, 3.8107282600023246e-001,
       -4.6858101343905811e-001, -2.1059452751838059e-001,
       4.8209287562128667e-001, 5.9890333032186227e-001,
       -1.7365685131509214e+000, -1.5848654678592520e+000,
       5.4450896521690080e+000, 2.3148972662045707e-002,
       -3.1199011398978949e-001, -7.5100908671480493e-001,
       -2.5479445609231370e+000, 4.8992899474884756e-002,
       -1.6174465257413453e-001, -1.7146594426420464e-001,
       -3.2412597688567724e-001, 5.7681698143961013e-001,
       -1.0887964361631597e-001, -1.4513942686228684e-001,
       -4.8470029487492461e-001, 2.5511829817709819e-001,
       -1.4825908526350156e+000, -3.0416098246007106e-001,
       3.3562281718513187e+000, 6.0875174361698769e-001,
       -5.6697273568135689e+000, -3.8795931228008316e+000,
       1.6840014664007498e+001, 2.8205415118801325e-001,
       -2.4489657598904548e+000, -1.3827274812358770e+000,
       6.5155499955602156e+000, 3.2130405304236032e-001,
       -1.3200136772078166e-001, -4.1183693225044268e-002,
       -2.2254919292752490e-001, 2.9572879504065613e-001,
       3.2179118364446396e-002, -5.5263334915196458e-004,
       4.8713884801943823e-002, 5.1199121489155709e-002,
       8.6292007624948941e-001, -5.5893596081135732e-001,
       -3.5015262573197612e+000, 5.1628254956847967e-002,
       -1.3975333339320155e-002, -1.1741877972210332e-001,
       -2.3003749861584061e-001, 1.6255695581218305e-001,
       -5.5399375741017431e-001, -2.1865160547065168e-001,
       4.8726768533892734e-001, 6.3293500839061467e-001,
       -5.5873268697530343e-001, 2.2422522619918608e-001,
       6.9826662893990332e-001, 4.9375161385388983e-001,
       -1.7909890711695342e-001, 1.2924126316542009e-001,
       4.6101995861020834e-001, 2.2531753805526450e-001,
       -1.8826498664725273e+000, -1.7042212292218952e+000,
       5.9171988849763633e+000, 6.2607102879645063e-002,
       7.8495252428336049e-002, 6.5936370114515946e-002,
       2.7442004439861017e-001, 3.8075786873348449e-002,
       -8.4015969089921672e-001, -9.4815098899453887e-002,
       1.9421249037100923e+000, 2.8709776124318376e-001,
       2.0962964118262532e-002, -1.9223117617633505e-002,
       -3.0382357808859534e-002, 5.9689403412836552e-002,
       -2.9170979097175467e+000, -5.1553790618497786e-001,
       6.3169570704709139e+000, 3.5522227110046289e-001,
       -1.4327734014213223e-001, -1.5708832546224902e-001,
       -4.2121349431090593e-001, 3.1826948850557163e-001,
       -4.3552691706103719e+000, -4.6996824458892617e-001,
       1.1069950280930684e+001, 1.1378019449936154e-002,
       -1.2692855757145888e-001, 1.3232433746798833e-002,
       1.8251217983502249e-001, 2.4953658898277031e-001,
       -2.7687837240350094e-001, 2.3121464443227685e-001,
       3.5199523097755332e+000, 2.2831278721693143e-001,
       -1.3265344062054163e+000, -1.0166046525266699e+000,
       3.3488917152406659e+000, 2.0504450600950858e-001,
       -1.2911467729541393e+000, 4.7619265367449437e-001,
       4.0091002704890162e+000, 1.1575907454450109e-001,
       1.0221298870668925e+000, -1.0091428837153087e+000,
       -5.4630089192140030e+000, 3.1677514239919091e-001,
       1.4584381791210332e-001, -5.1786565673733076e-001,
       -1.6446626263894675e+000, 2.7283541600581390e-001,
       -3.4635135477384282e-002, -1.2242670117229032e-001,
       -3.4005020398982133e-001, 1.0867148900028850e-001,
       -3.7596551954309276e-002, -2.6195339197568013e-001,
       -8.3699739515601312e-001, 3.6825594126988920e-001,
       4.7448725368643266e-002, 2.6847056859920657e-002,
       1.5341904243223409e-001, 2.9967279558583576e-003,
       -1.4185953375797702e+000, -8.5144771760385762e-001,
       3.9520448933872068e+000, 1.2900533655377425e-001,
       4.1520238254850078e-001, -1.0906277486419669e-001,
       1.2593538042303729e+000, 2.9175575393024311e-001,
       1.8968028314383423e+000, 2.8634686120972286e-001,
       -5.1509088307881488e+000, 2.3165570573322516e-001,
       -1.8149482341594653e-001, -3.7762125817584968e-001,
       -1.1388125437833070e+000, 1.0554572537194035e-001,
       -9.1464254485758137e-002, -1.4721899101567809e-001,
       -8.3074042841878504e-001, 4.7196304580587423e-001,
       -2.6103163108513092e+000, 1.2746874394668248e+000,
       7.3527883741982869e+000, 2.2195260275329023e-001,
       -1.9324773918691132e+000, 1.0473981158356207e+000,
       4.9545420913002021e+000, 3.9176788698299947e-001,
       -4.7798179356432546e-001, 1.0185021326949965e-001,
       7.6924115101690516e-001, 3.9639722371737263e-001,
       9.9421627951490649e-002, -3.9806247626845492e-001,
       -1.3813928445349768e+000, 3.7161757392161104e-001,
       -1.2158207992912948e-001, -6.9755622097387338e-002,
       -2.6971860783721657e-001, 2.9971666347043424e-001,
       -6.6357812971742303e-001, 5.5867184929600022e-001,
       3.1114443781931560e+000, 1.5446143135675078e-001,
       -7.3225447837216429e-001, 5.3258834281473288e-001,
       2.9754801028322433e+000, 1.3714770722513386e-001,
       -7.3579975606876913e-001, -4.3464748190518748e-001,
       9.4467439012190824e-001, 6.9401030098976080e-001,
       -1.0277328761433528e+000, 2.6179686057259938e-001,
       3.6706085230933807e+000, 1.2868944431483376e-001,
       -1.6436867502293806e+000, -2.1256457114939820e-001,
       4.5535954298544263e+000, 3.4233900716793358e-002,
       4.3032096967032335e-002, 6.2795970673912072e-002,
       3.0881048856350612e-001, 4.2834344062293563e-002,
       2.8028980420061822e-001, -3.2420267566878114e-001,
       -1.3037637926778127e+000, 5.9036066735286519e-001,
       -1.5841629290597889e-001, -5.0332665277781574e-001,
       -2.6565633880426649e+000, 2.1198641882748032e-001,
       -1.7993690308771670e+000, -8.4121203557988022e-001,
       5.1372700817791177e+000, 1.4030894148662326e-002,
       -5.4453115714429967e-001, -2.3727500164108695e-001,
       7.3993731141373154e-001, 5.6391307832748716e-001,
       -9.6558351338767356e-001, 2.6597648032390558e-001,
       2.3404454474831393e+000, 2.2402786976120023e-001,
       -7.2413727292513421e+000, 4.0896939462411410e+000,
       2.9088766268349062e+001, 4.8153395319830088e-002,
       1.6295792264428924e-001, -4.3919510764749442e-001,
       -1.5279252687625531e+000, 4.0959575513995661e-001,
       -1.1228420080994979e+000, 4.9406342548990356e-001,
       2.9174027754207588e+000, 1.7036439425366573e-001,
       -3.0107004520080123e+000, -9.6493696158034437e-001,
       6.7628920657485647e+000, 3.3233330578043579e-001,
       2.1009881920761403e-001, -4.7849622822945020e-001,
       -1.7002402509506886e+000, 3.2046882959234074e-001,
       -3.0251255032097992e+000, -8.9164492654308758e-001,
       6.8210979450799361e+000, 3.2494792911569464e-001,
       -7.9781071005770615e-002, 4.3717283128391154e-002,
       3.7196175582448132e-001, 1.7496657004725547e-001,
       -2.0081773264878719e-001, 1.7529182228454560e-001,
       5.6102428375204649e-001, 2.2278670717801036e-001,
       2.3612245307320839e-002, -2.6055393454344494e-001,
       -8.1601798001387604e-001, 5.0599250050308775e-001,
       -4.1269630523216616e-001, -2.3218352400560002e-001,
       2.5168600255314427e-001, 6.7938913850650728e-001,
       -1.4865867670408777e+000, 6.5718684561432528e-001,
       3.8679318257891904e+000, 2.8959620326533159e-001,
       2.6916144725390445e-001, -5.3140985180556022e-001,
       -2.1137254655386961e+000, 3.2154554179589262e-001,
       7.5429002599343353e-001, -6.2970110671267399e-001,
       -2.6843276932675737e+000, 5.1204346915466048e-001,
       -6.9630054746043646e-001, 6.7256057253063117e-001,
       2.7431771554489091e+000, 1.6409850669432885e-001,
       3.2387754398264668e-001, -5.7141779092741662e-001,
       -1.7015123704658155e+000, 4.7599688511365601e-001,
       -8.9964071619675540e-002, -1.8192936016628880e-001,
       -5.1607072332235659e-001, 1.1144617065353854e-001,
       -3.7609963456807094e-001, 3.7387388909229033e-002,
       2.6182357517113009e-001, 5.1743137992060306e-001,
       -1.0676192310928494e+000, 4.4345058944217230e-001,
       2.5826193934740074e+000, 1.7985260685675522e-001,
       4.4653108806338593e-001, 1.9543291156373689e-002,
       1.8955948873711943e+000, 1.8076622414258101e-001,
       -2.2853619062699851e-001, -2.1029135283104000e-001,
       9.1906122912587818e-002, 5.6643625710405032e-001,
       3.0594523226698223e-001, 4.1281206901644954e-002,
       8.7355661039661503e-001, 1.2009845412050228e-001,
       1.8871553677151116e+000, 2.6460067996977782e-001,
       -5.2403710625479771e+000, 1.6077727954102394e-001,
       5.6186150370737070e-002, -2.5753518979409828e-001,
       -1.6193833058371085e+000, 3.7774972999519613e-001,
       7.8454023029904590e-002, -2.5054021490709483e-002,
       2.8594697917816847e-001, 1.5866033562968557e-001,
       -1.4431131328012597e-001, -1.3463816599908318e-001,
       -4.3448045183118672e-001, 6.8241467137733181e-001,
       1.8797211745654011e-001, -4.3652690862916044e-001,
       -1.5100636491901436e+000, 3.9801577458113352e-001 ]
