%YAML:1.0
current_middle_points: !!opencv-matrix
   rows: 115
   cols: 4
   dt: d
   data: [ -1.1235797669604827e-001, -5.7768725558312606e-001,
       2.1037233818658296e+000, 1.8742495340311523e-002,
       -1.7174438138684545e-001, -5.7657127788480445e-001,
       1.9094092900180057e+000, 9.6511651129985859e-003,
       -4.9850488203727117e-002, -6.0274510284081917e-001,
       2.2802104570721529e+000, 1.9859992047969559e-002,
       -1.2851632868371274e-001, -3.4790352492552501e-001,
       2.2379675255368539e+000, 9.4515606996984622e-002,
       -1.5039259047101955e-001, -3.2702829873336281e-001,
       2.2418950069316388e+000, 1.0483506851445018e-001,
       -2.4558812901957329e-003, -5.7770637871157426e-001,
       2.1893560124187217e+000, 1.1002755910247833e-002,
       -3.2479615721135571e-002, -5.4598459463753346e-001,
       2.1480375948481405e+000, 2.0531633523706478e-002,
       -9.8291093172147515e-002, -6.1852672852964496e-001,
       2.0719636639724972e+000, 1.2477445702300815e-003,
       -1.1327994812432146e-001, -5.5443109310915828e-001,
       2.1375877866903719e+000, 3.0182339377873318e-002,
       4.5686662990812588e-002, -5.7295382773626424e-001,
       2.0786811404827641e+000, 1.0408420425588823e-002,
       9.2882067491647333e-002, -5.1579594482385915e-001,
       2.0629854476751772e+000, 4.9912211022509582e-003,
       -1.1374615623901063e-001, -5.5625196301738911e-001,
       2.1452669848232921e+000, 2.9937494794136443e-002,
       -3.3207416119161215e-001, -1.8781040320662593e-002,
       1.5029564311489474e+000, 1.5858067769003720e-001,
       -7.9175387860357854e-002, -5.7783186963983080e-001,
       2.1544587769095669e+000, 1.7241540136588497e-002,
       -3.2945135121583302e-001, -2.1090837942206134e-002,
       1.4952411637396708e+000, 1.6280871915280890e-001,
       -6.1907282802224972e-001, -5.7460783592325482e-001,
       1.7815443133487592e+000, 3.8681435638174423e-002,
       1.9245002569382677e-002, -5.1048824174401974e-001,
       2.1404714634196487e+000, 2.5162540886789469e-002,
       -1.2259359041909011e-001, -5.7196167131252240e-001,
       2.1035949174730963e+000, 1.8209028204344491e-002,
       -1.4329974103237764e-001, -3.1532053661669968e-001,
       2.2412689387859945e+000, 1.0572367532640874e-001,
       -1.4390642946538646e-003, -5.5715763994041501e-001,
       1.9808503433255920e+000, 5.7835805222446225e-003,
       -3.2627965378086371e-001, -2.4181959988074264e-002,
       1.4866926788881787e+000, 1.6863764515698057e-001,
       -1.2277167793916176e-001, -3.4807952162727529e-001,
       2.1936856073523927e+000, 1.0795479932615325e-001,
       -7.1557887139736348e-002, -4.6881815778877345e-001,
       1.8216184542166753e+000, 1.8439557123666003e-002,
       -4.7440871268101553e-001, -2.6429377031993731e-002,
       2.2012775993186677e+000, 2.3537223297815016e-001,
       -1.2761210632042466e-003, -5.8646284951011229e-001,
       2.0823486428219091e+000, 4.5488187365393482e-003,
       -6.9430303383387779e-002, -3.7608344974164776e-001,
       2.2217714067146743e+000, 8.0367380615326237e-002,
       -4.9847210201382908e-001, -5.5082088994123435e-001,
       2.1181419505128698e+000, 7.3703352067741160e-002,
       -1.4781434802512788e-001, -3.2188588892827352e-001,
       2.2398606824759368e+000, 1.0632198208593724e-001,
       1.1387785337545680e-002, 8.5471253864776414e-002,
       1.4917534328665423e+000, 1.5295515265444337e-001,
       4.5962791473846715e-002, -5.6804060094673958e-001,
       2.0711087564878783e+000, 9.8455764048010798e-003,
       3.4916184792650817e-001, -6.6791580055863747e-002,
       1.3698173305109584e+000, 5.4132622060731939e-002,
       -2.4905647910881084e-003, -5.5076104713094887e-001,
       2.0888439252602073e+000, 9.6274502651219947e-003,
       4.9262299537861987e-002, -6.1458345419647187e-001,
       2.2257038084734351e+000, 8.9104535388215503e-003,
       3.3895512608353395e-001, -6.3663941923335007e-002,
       1.3115298578634278e+000, 5.9042682761792302e-002,
       1.3538444982075659e-001, -5.1805670737637011e-001,
       2.0861850881706956e+000, 1.2613917756502967e-002,
       -7.1195697817241577e-001, -5.5964844005163261e-001,
       2.0634978144820635e+000, 7.8672479033403783e-002,
       -6.6044968636779389e-002, -3.2630889491595638e-001,
       2.2212906457367092e+000, 9.3706056221238107e-002,
       -1.1126724504547150e-001, -1.3598161139586912e-001,
       1.5284693658335717e+000, 1.1030081081773621e-001,
       3.1459557500554391e-001, 1.8422186791216988e-001,
       1.4571130024953871e+000, 1.4369434033213185e-001,
       -6.6415058553194783e-001, -4.4924153954923485e-001,
       2.0724494324098170e+000, 1.0744669747188762e-001,
       -1.1189036916249886e-001, -1.3330632174282250e-001,
       1.5241764717674025e+000, 1.0510380382195367e-001,
       8.6387265435710903e-002, -5.5420289961983327e-001,
       2.1662793393193311e+000, 2.9513264047376290e-003,
       -5.4707022420672802e-001, -5.3623161861412916e-001,
       2.0735125683869340e+000, 6.7972013793477920e-002,
       -5.4737258086620733e-001, -5.1996149053706320e-001,
       2.1048135728785575e+000, 8.1608070926846382e-002,
       5.8210996705776993e-002, -5.4479480502855138e-001,
       2.1036419355787186e+000, 7.3644118941744718e-003,
       -9.1093596539371741e-002, -3.2669245630634736e-001,
       2.2153479114067869e+000, 1.0375451415232173e-001,
       -7.2814089852939312e-001, -3.4063334882005181e-001,
       2.2208056097293598e+000, 1.8010734928461375e-001,
       -2.8024187972108677e-002, -4.5350089731030196e-001,
       1.7942371588226167e+000, 1.1875018165528462e-002,
       -1.1221354038956111e-001, -1.3216234966579637e-001,
       1.5230271607945340e+000, 1.0281091825050595e-001,
       1.3948341002421233e-001, -5.3347525326659073e-001,
       2.1414114326199476e+000, 9.5016235477325857e-003,
       2.2875851059134755e-001, -3.4857283794461391e-001,
       1.7772892560715894e+000, 1.2405690950712816e-002,
       -6.7067675463029897e-001, -4.8808782576431320e-001,
       2.0593180235448849e+000, 9.1138329477023300e-002,
       3.6866173570106231e-001, -1.3500713374795775e-001,
       1.7026259031527808e+000, 7.4830056900048778e-002,
       -7.6875089412220848e-002, -5.6007975401489607e-001,
       2.0892517059662308e+000, 1.6174247589323846e-002,
       -7.0553816163098704e-001, -5.5612457876630472e-001,
       2.0460678792128189e+000, 8.0524140088800170e-002,
       2.6910849383454027e-001, 1.6342723991033670e-001,
       1.2624192569812047e+000, 1.1685376328721994e-001,
       -7.0433715907542815e-001, -5.5809908618178583e-001,
       2.0450339922201346e+000, 8.5252462324410305e-002,
       -4.9756032378226100e-001, -5.4653465891712594e-001,
       2.1105034336682587e+000, 6.8572793969880974e-002,
       -5.5547992282883141e-001, -4.8466506801999226e-001,
       2.1278890919368081e+000, 8.6180118758792182e-002,
       2.7887206630958075e-002, -4.0947900929286996e-001,
       2.1686231713750619e+000, 6.8928786956101523e-002,
       -6.8046152380806979e-001, -3.6090031391600003e-001,
       2.1957845357514598e+000, 1.4869952975876027e-001,
       -2.8248812947901614e-001, -5.4641998234806322e-001,
       2.1718411122305499e+000, 5.5936579625230125e-002,
       2.1145500185836476e-002, -4.6309280710469214e-001,
       2.1637225146673025e+000, 4.6377694998677325e-002,
       -4.3915473170990027e-001, 2.1157668465392546e-001,
       1.5522144576744787e+000, 2.3801595474527279e-001,
       -3.7741971967905708e-001, -3.5557804842049362e-001,
       2.2735126777532990e+000, 1.2687931922374440e-001,
       -2.0854362696570464e-001, -1.7109374122751494e-001,
       1.5169417491090800e+000, 1.1334780015159110e-001,
       -7.7549436458853246e-002, -5.4140733210339576e-001,
       2.1386235025638753e+000, 2.7702232446647927e-002,
       -7.9404531346597251e-002, 1.3621862061072770e-001,
       1.4495930168315616e+000, 1.6240555767528178e-001,
       -4.2599531796995249e-001, 3.4591667462401193e-002,
       2.0676933969680382e+000, 2.3103595670049543e-001,
       -6.4542307650755038e-001, -5.7216244028956442e-001,
       2.0425679092571913e+000, 7.3874732687560021e-002,
       -4.5619597656927702e-001, -5.8552801642695473e-001,
       2.1052662413691197e+000, 5.6523946972198397e-002,
       4.8451626206899710e-002, -6.0777981058304420e-001,
       2.2053164723358543e+000, 1.1198179943840321e-002,
       -4.0016659468126631e-001, -3.3920596478751719e-001,
       2.2391487934445697e+000, 1.3414374023587283e-001,
       2.1223394672814477e-002, -4.6404656167831637e-001,
       2.1677776104149657e+000, 4.6648373634544660e-002,
       -7.0021268446983975e-001, -5.5443815100242722e-001,
       2.0326605977626384e+000, 8.4116967452298172e-002,
       -5.5128295056164356e-001, -5.7585506219370930e-001,
       2.0817771158607377e+000, 6.7979477046767253e-002,
       -3.8273184212671396e-001, -3.3206155006249771e-001,
       2.2606132554661307e+000, 1.3192751696530849e-001,
       -5.6965969605563327e-001, 2.9306741927357371e-001,
       1.4343094419348583e+000, 2.6372804522569254e-001,
       -1.7401942734171941e-001, -2.7507975859591377e-001,
       2.2578278915471359e+000, 1.2972223956601470e-001,
       -4.9896395711334529e-001, 1.8272997288984849e-001,
       1.6854919176738838e+000, 2.6358119173672340e-001,
       -4.4935429232875151e-001, -5.7648171359581180e-001,
       2.0732893690272709e+000, 5.5325549776048859e-002,
       3.5273421180883002e-001, -8.5141907857368207e-003,
       1.4137646060246529e+000, 7.4741247131186378e-002,
       1.4309391279495695e-001, -5.4232097145704994e-001,
       2.1545398174365937e+000, 1.4924737055371399e-002,
       -4.3037432331972136e-001, -4.7190506261767473e-001,
       2.1554100718988227e+000, 8.9320405799928573e-002,
       7.0933730804379966e-003, 1.3828641630146316e-001,
       1.3714717483824952e+000, 1.5840030727655927e-001,
       -4.1058077067322352e-001, 2.8644254473160180e-001,
       1.6322883635265355e+000, 2.6884860672925531e-001,
       1.5872603072565122e-001, -5.6270104993421992e-002,
       1.3325904691295110e+000, 8.3054782566967286e-002,
       -3.8314248029285980e-001, -3.7561109004918997e-001,
       1.5735250000284038e+000, 6.8056518132298016e-002,
       -5.0063236573224668e-001, -5.5149830418410073e-001,
       2.0694185952618938e+000, 6.5158452646042683e-002,
       -1.5804631136775890e-001, 1.4582728759529376e-001,
       1.5513111271822080e+000, 1.9745160414594704e-001,
       2.8155334059971455e-002, 7.0883255819138402e-002,
       1.4500222757792132e+000, 1.4118355490897086e-001,
       -4.1226692800454257e-001, 2.8871054573336824e-001,
       1.6360585066553166e+000, 2.6624725369004132e-001,
       3.1517899610719302e-001, 1.1778480691015707e-001,
       1.2198553578737266e+000, 9.6144855794210879e-002,
       -3.0503745407636507e-001, -1.2572860897253818e-001,
       1.4189805653651115e+000, 1.1461096049143545e-001,
       1.4802767332636380e-001, -1.5349220291858534e-002,
       1.8109888769715186e+000, 1.3576463691278484e-001,
       -1.7066828515272214e-001, -2.6707017301074876e-001,
       2.2021783074472134e+000, 1.2363182197518034e-001,
       -1.6251013419381892e-002, -3.9859928963586222e-001,
       2.1961174418834850e+000, 7.2391360266258323e-002,
       -2.9865346680652222e-001, -5.4638078665831269e-001,
       1.7135324275618569e+000, 5.7050040666613627e-003,
       -2.2966089153533439e-001, -2.9463962580604453e-001,
       2.2993051607315245e+000, 1.3089941693943830e-001,
       -3.0929366813625819e-001, -1.1466089203403376e-001,
       1.3037047747476942e+000, 1.1648908846427000e-001,
       -1.5849502981528829e-001, 1.4674317550664648e-001,
       1.5525415139469667e+000, 1.9596373216557500e-001,
       -3.6160467984324096e-001, -5.7479514263539655e-001,
       1.9380012682413015e+000, 1.4242790495888415e-002,
       -1.3577611301053677e-001, 7.2987994266595316e-002,
       1.4695321983925171e+000, 1.6317841404361944e-001,
       -3.8309830489796359e-001, -3.7291694464906172e-001,
       1.5705288787204819e+000, 6.3781882147892169e-002,
       1.8187882422374185e-001, 4.1299382284343926e-002,
       1.6199092096475987e+000, 1.3490974422308433e-001,
       2.0916235401412053e-001, 1.0407060956615052e-001,
       2.0318657081953662e+000, 1.8750469917038831e-001,
       2.8438771700827664e-001, -2.6170979934407104e-002,
       1.5593019440417897e+000, 9.3294069350085301e-002,
       9.7025413299554972e-003, -3.0468421175579941e-001,
       2.1870930129638921e+000, 9.7575125601220988e-002,
       1.8836153600694555e-001, 8.3791875158605617e-002,
       2.0373960036282375e+000, 1.9903324659749880e-001,
       -4.9854609559791924e-001, -5.4924141966855133e-001,
       2.0608039077378288e+000, 6.4961584900845776e-002,
       2.0783398906769979e-001, -4.0588346933683028e-001,
       1.8725520747999194e+000, 1.0522140780413719e-002,
       1.5146526906428753e-001, -1.9546205778193187e-002,
       1.8259829829302394e+000, 1.4580799993836363e-001,
       -3.3134299812216805e-001, -3.5951749660320687e-001,
       1.3626437801401514e+000, 3.5084289047575434e-002,
       1.9452034983634942e-001, -5.8214631880116136e-002,
       1.3034100564402951e+000, 8.0764783975545901e-002,
       -5.6739942206078231e-001, 2.8739762610281977e-001,
       1.4426216510766270e+000, 2.5281216519552485e-001 ]
