%YAML:1.0
current_middle_points: !!opencv-matrix
   rows: 115
   cols: 4
   dt: d
   data: [ -1.1235796365534256e-001, -5.7768721141686674e-001,
       2.1037231904005775e+000, 1.8742510892455960e-002,
       -1.7174436458273051e-001, -5.7657117315425555e-001,
       1.9094090276269704e+000, 9.6512147650882965e-003,
       -4.9850502590420911e-002, -6.0274500507639628e-001,
       2.2802102807321258e+000, 1.9859884844434204e-002,
       -1.2851634508188947e-001, -3.4790352924812085e-001,
       2.2379676712161856e+000, 9.4515573629970595e-002,
       -1.5039258210071732e-001, -3.2702826280282749e-001,
       2.2418948136149330e+000, 1.0483504206943338e-001,
       -2.4558900139789648e-003, -5.7770625220171001e-001,
       2.1893556340424229e+000, 1.1002699259970883e-002,
       -3.2479624939534046e-002, -5.4598452302898970e-001,
       2.1480374414784555e+000, 2.0531564621698532e-002,
       -9.8291107212277309e-002, -6.1852670924999820e-001,
       2.0719637216411719e+000, 1.2478183924439217e-003,
       -1.1327995453395565e-001, -5.5443105050321173e-001,
       2.1375877248828701e+000, 3.0182283270688202e-002,
       4.5686647450530332e-002, -5.7295378438560796e-001,
       2.0786811787136985e+000, 1.0408529293380250e-002,
       9.2882040307477029e-002, -5.1579582431073445e-001,
       2.0629851368873005e+000, 4.9913071944432249e-003,
       -1.1374618054124670e-001, -5.5625193056889088e-001,
       2.1452670705716503e+000, 2.9937382448147674e-002,
       -3.3207414903475141e-001, -1.8781038418665477e-002,
       1.5029563694210761e+000, 1.5858066845159915e-001,
       -7.9175409674617572e-002, -5.7783183349181289e-001,
       2.1544588503185138e+000, 1.7241425879212187e-002,
       -3.2945138413732467e-001, -2.1090842253080555e-002,
       1.4952413246842924e+000, 1.6280874157275166e-001,
       -6.1907279601797016e-001, -5.7460779127786599e-001,
       1.7815442112756603e+000, 3.8681409409495528e-002,
       1.9244991355818065e-002, -5.1048821624714247e-001,
       2.1404714871446497e+000, 2.5162476402045705e-002,
       -1.2259360550854775e-001, -5.7196165423633316e-001,
       2.1035949799939990e+000, 1.8208958743328597e-002,
       -1.4329973315813252e-001, -3.1532050188599120e-001,
       2.2412687452273810e+000, 1.0572364929693849e-001,
       -1.4390678676314253e-003, -5.5715758674947602e-001,
       1.9808501965922576e+000, 5.7836041837062927e-003,
       -3.2627964514903274e-001, -2.4181953535322709e-002,
       1.4866926234816007e+000, 1.6863762670512519e-001,
       -1.2277166830803178e-001, -3.4807944697746096e-001,
       2.1936852471277355e+000, 1.0795474200251280e-001,
       -7.1557885254950285e-002, -4.6881807841850631e-001,
       1.8216182270974821e+000, 1.8439511776297147e-002,
       -4.7440865630786749e-001, -2.6429360603767979e-002,
       2.2012772669869163e+000, 2.3537216551545231e-001,
       -1.2761299034502248e-003, -5.8646285389626684e-001,
       2.0823487578705557e+000, 4.5488756866399836e-003,
       -6.9430303604947341e-002, -3.7608340456073963e-001,
       2.2217712150386437e+000, 8.0367345896909526e-002,
       -4.9847208471692139e-001, -5.5082081888179091e-001,
       2.1181418160512875e+000, 7.3703270743667407e-002,
       -1.4781435805966520e-001, -3.2188585668212111e-001,
       2.2398606407219566e+000, 1.0632192266092444e-001,
       1.1387782372051123e-002, 8.5471246555215277e-002,
       1.4917533057355294e+000, 1.5295513916242570e-001,
       4.5962776190613064e-002, -5.6804048380027417e-001,
       2.0711084240009940e+000, 9.8456271964536737e-003,
       3.4916184657127008e-001, -6.6791574984114227e-002,
       1.3698173330865271e+000, 5.4132611219269051e-002,
       -2.4905662139256841e-003, -5.5076094760008654e-001,
       2.0888435682101303e+000, 9.6274375577334627e-003,
       4.9262275896546082e-002, -6.1458330057101551e-001,
       2.2257034313546704e+000, 8.9105519914023743e-003,
       3.3895513241506497e-001, -6.3663939644554274e-002,
       1.3115298882017341e+000, 5.9042676195830292e-002,
       1.3538444735789043e-001, -5.1805670112311719e-001,
       2.0861851647901135e+000, 1.2613969217824787e-002,
       -7.1195686776975831e-001, -5.5964835346959640e-001,
       2.0634974929107610e+000, 7.8672467641796917e-002,
       -6.6044967293091311e-002, -3.2630885914338936e-001,
       2.2212904545527721e+000, 9.3706031010413804e-002,
       -1.1126723870433572e-001, -1.3598160927583039e-001,
       1.5284692935090525e+000, 1.1030081448566575e-001,
       3.1459557449623898e-001, 1.8422185812427522e-001,
       1.4571129906050109e+000, 1.4369435566756836e-001,
       -6.6415054245243921e-001, -4.4924149729166846e-001,
       2.0724492828118337e+000, 1.0744666816780156e-001,
       -1.1189036613211026e-001, -1.3330631292248560e-001,
       1.5241764062128735e+000, 1.0510379249634222e-001,
       8.6387237509641973e-002, -5.5420279025245689e-001,
       2.1662791752177162e+000, 2.9514631408445943e-003,
       -5.4707027915932038e-001, -5.3623162967978677e-001,
       2.0735127340159991e+000, 6.7971952604048425e-002,
       -5.4737263622855592e-001, -5.1996150068607028e-001,
       2.1048137399838898e+000, 8.1608011448257606e-002,
       5.8210978566077473e-002, -5.4479469117188550e-001,
       2.1036415928010634e+000, 7.3643592298574864e-003,
       -9.1093609016321603e-002, -3.2669244065646302e-001,
       2.2153479544481574e+000, 1.0375446801545742e-001,
       -7.2814097825947033e-001, -3.4063335714933052e-001,
       2.2208058165732387e+000, 1.8010731424292165e-001,
       -2.8024189351729387e-002, -4.5350085997026190e-001,
       1.7942370485912034e+000, 1.1874998005503956e-002,
       -1.1221353728355624e-001, -1.3216234093599627e-001,
       1.5230270952819613e+000, 1.0281090713858909e-001,
       1.3948339905408763e-001, -5.3347521679000665e-001,
       2.1414114174854726e+000, 9.5016896712102426e-003,
       2.2875849912990759e-001, -3.4857281244178245e-001,
       1.7772892156880551e+000, 1.2405654252104381e-002,
       -6.7067666791118652e-001, -4.8808773333049921e-001,
       2.0593177279654902e+000, 9.1138268318295759e-002,
       3.6866176137698847e-001, -1.3500713757234739e-001,
       1.7026260353187177e+000, 7.4830048399653765e-002,
       -7.6875095209092970e-002, -5.6007968291071775e-001,
       2.0892515623306394e+000, 1.6174179480347734e-002,
       -7.0553824341273641e-001, -5.5612460133398600e-001,
       2.0460680823134121e+000, 8.0524079380359215e-002,
       2.6910848997105269e-001, 1.6342722718909394e-001,
       1.2624192328494543e+000, 1.1685377991492006e-001,
       -7.0433711425626966e-001, -5.5809903485711265e-001,
       2.0450338475226291e+000, 8.5252430902930831e-002,
       -4.9756029050268308e-001, -5.4653460539602317e-001,
       2.1105032723811794e+000, 6.8572763740216952e-002,
       -5.5547986755247347e-001, -4.8466503862487398e-001,
       2.1278888993663623e+000, 8.6180141338854960e-002,
       2.7887195903599241e-002, -4.0947894375283012e-001,
       2.1686229012762603e+000, 6.8928746599632093e-002,
       -6.8046159476108814e-001, -3.6090032185463478e-001,
       2.1957847293409669e+000, 1.4869949084684411e-001,
       -2.8248814276535850e-001, -5.4641999068801950e-001,
       2.1718411848259098e+000, 5.5936560574418877e-002,
       2.1145500587456945e-002, -4.6309280803699515e-001,
       2.1637225130730506e+000, 4.6377697595081674e-002,
       -4.3915468541301916e-001, 2.1157664910329704e-001,
       1.5522143043487562e+000, 2.3801596013959736e-001,
       -3.7741969283526422e-001, -3.5557800971828074e-001,
       2.2735124836215101e+000, 1.2687928930035738e-001,
       -2.0854364025387698e-001, -1.7109374680231962e-001,
       1.5169418355592046e+000, 1.1334779783725067e-001,
       -7.7549443152184386e-002, -5.4140738358862517e-001,
       2.1386237005730839e+000, 2.7702237828056246e-002,
       -7.9404529922545236e-002, 1.3621861688993550e-001,
       1.4495929611966769e+000, 1.6240554819448216e-001,
       -4.2599536606329613e-001, 3.4591673136572312e-002,
       2.0676936471882801e+000, 2.3103598339569564e-001,
       -6.4542313232397064e-001, -5.7216247850562463e-001,
       2.0425680764450904e+000, 7.3874720698931251e-002,
       -4.5619603463099950e-001, -5.8552800571690189e-001,
       2.1052664124673370e+000, 5.6523829638284707e-002,
       4.8451622203133010e-002, -6.0777977708894682e-001,
       2.2053163728822289e+000, 1.1198191691341607e-002,
       -4.0016659403504923e-001, -3.3920596589164131e-001,
       2.2391487920285025e+000, 1.3414374289765404e-001,
       2.1223388418921234e-002, -4.6404651227826565e-001,
       2.1677774280202478e+000, 4.6648347638360489e-002,
       -7.0021276625421325e-001, -5.5443817372808835e-001,
       2.0326608003308246e+000, 8.4116907156828888e-002,
       -5.5128300778495010e-001, -5.7585507521882195e-001,
       2.0817772852618717e+000, 6.7979411490278613e-002,
       -3.8273181503248932e-001, -3.3206151409994755e-001,
       2.2606130642724516e+000, 1.3192748767488607e-001,
       -5.6965966389205547e-001, 2.9306739031780082e-001,
       1.4343093734090147e+000, 2.6372806159086226e-001,
       -1.7401943419161703e-001, -2.7507975457068035e-001,
       2.2578279249860103e+000, 1.2972222352411839e-001,
       -4.9896393541435824e-001, 1.8272996440979125e-001,
       1.6854918331465072e+000, 2.6358117617820337e-001,
       -4.4935434924885354e-001, -5.7648170306957125e-001,
       2.0732895373333582e+000, 5.5325434508069357e-002,
       3.5273422438945484e-001, -8.5141879158799963e-003,
       1.4137646608535726e+000, 7.4741243368196264e-002,
       1.4309391814518030e-001, -5.4232099375074316e-001,
       2.1545399853459326e+000, 1.4924778421761917e-002,
       -4.3037432271656539e-001, -4.7190506366812046e-001,
       2.1554100707517216e+000, 8.9320408438274185e-002,
       7.0933730229389572e-003, 1.3828640720766155e-001,
       1.3714716976391856e+000, 1.5840030928016999e-001,
       -4.1058078459109720e-001, 2.8644254877657582e-001,
       1.6322884520051624e+000, 2.6884864498576011e-001,
       1.5872603941198082e-001, -5.6270105888604656e-002,
       1.3325905478238602e+000, 8.3054782448686429e-002,
       -3.8314251869268734e-001, -3.7561109859386288e-001,
       1.5735251270157677e+000, 6.8056478054067504e-002,
       -5.0063230148441651e-001, -5.5149819794472998e-001,
       2.0694182899150961e+000, 6.5158390465633070e-002,
       -1.5804630493660762e-001, 1.4582727883762359e-001,
       1.5513110554647112e+000, 1.9745159874589766e-001,
       2.8155334481590813e-002, 7.0883251479080131e-002,
       1.4500222590218637e+000, 1.4118356041785071e-001,
       -4.1226695351821502e-001, 2.8871055435792559e-001,
       1.6360586649936839e+000, 2.6624731930711848e-001,
       3.1517897845373855e-001, 1.1778479423312839e-001,
       1.2198552885624956e+000, 9.6144862197050845e-002,
       -3.0503743190854282e-001, -1.2572860032984487e-001,
       1.4189804593732536e+000, 1.1461095315212519e-001,
       1.4802768361272475e-001, -1.5349223149852931e-002,
       1.8109889829819918e+000, 1.3576464938100014e-001,
       -1.7066829912221121e-001, -2.6707016132407718e-001,
       2.2021783673186239e+000, 1.2363178376750600e-001,
       -1.6251025039133307e-002, -3.9859926917218230e-001,
       2.1961174698853609e+000, 7.2391306164088703e-002,
       -2.9865350778198607e-001, -5.4638083395020343e-001,
       1.7135326335424275e+000, 5.7049677545501203e-003,
       -2.2966090909426587e-001, -2.9463961410230810e-001,
       2.2993052310504818e+000, 1.3089937522091835e-001,
       -3.0929366778232292e-001, -1.1466089336298296e-001,
       1.3037047743886871e+000, 1.1648909120579934e-001,
       -1.5849503269874576e-001, 1.4674317507987961e-001,
       1.5525415760595966e+000, 1.9596375316427733e-001,
       -3.6160471161104807e-001, -5.7479514524153141e-001,
       1.9380013890985535e+000, 1.4242724087627051e-002,
       -1.3577610608650614e-001, 7.2987993193357165e-002,
       1.4695320834728547e+000, 1.6317839118751559e-001,
       -3.8309834289592959e-001, -3.7291695309424233e-001,
       1.5705290051014522e+000, 6.3781842290529744e-002,
       1.8187882389483295e-001, 4.1299382674872598e-002,
       1.6199092111714883e+000, 1.3490974348814083e-001,
       2.0916234615019635e-001, 1.0407059833427924e-001,
       2.0318656147203829e+000, 1.8750470385556045e-001,
       2.8438768677854631e-001, -2.6170974361483398e-002,
       1.5593017915693956e+000, 9.3294053405187441e-002,
       9.7025339836199521e-003, -3.0468421044101723e-001,
       2.1870931219265888e+000, 9.7575094508116356e-002,
       1.8836153537127459e-001, 8.3791876295025103e-002,
       2.0373960085732472e+000, 1.9903324473563588e-001,
       -4.9854612795606756e-001, -5.4924135823424081e-001,
       2.0608039368930502e+000, 6.4961440425222797e-002,
       2.0783394514559136e-001, -4.0588337669036456e-001,
       1.8725517572574919e+000, 1.0522089691452191e-002,
       1.5146527806715637e-001, -1.9546204551011179e-002,
       1.8259830961787737e+000, 1.4580800405404670e-001,
       -3.3134303068555226e-001, -3.5951750624467133e-001,
       1.3626438913100223e+000, 3.5084251605685728e-002,
       1.9452034413697872e-001, -5.8214633654956965e-002,
       1.3034100119857390e+000, 8.0764788953952865e-002,
       -5.6739939015263041e-001, 2.8739759744900151e-001,
       1.4426215820681683e+000, 2.5281218201931599e-001 ]
