%YAML:1.0
current_middle_points: !!opencv-matrix
   rows: 607
   cols: 4
   dt: d
   data: [ -4.2196528295418180e-003, 1.2993355704800932e-001,
       5.0660402443330286e+000, 5.4511830802250291e-002,
       -1.4924373503196753e+000, 2.3079995289044714e-001,
       5.0238919609708592e+000, 7.4688493034057654e-002,
       -8.8861666719149823e-001, -1.1576512849248264e+000,
       5.3716369951386191e+000, 6.1714938940006500e-002,
       -1.2764655357114334e+000, 2.3266436580143601e-001,
       5.0159935518325200e+000, 7.0230259981224105e-002,
       2.8309645951528395e-001, -1.6606581422232223e+000,
       5.3886328048803467e+000, 5.8219304740994696e-002,
       -4.4280492487390000e-001, -1.3205443532481811e+000,
       5.3627030728657132e+000, 6.4015378914253587e-002,
       -5.2003490099915672e-001, -1.2321662880325479e+000,
       5.3610245083387502e+000, 6.0563643333481895e-002,
       -6.5864999720531303e-001, -5.5777618129276552e-001,
       5.2774464361388285e+000, 6.1837830846547301e-002,
       -1.6129386720798805e-001, 1.3446312265022287e-001,
       4.9947115380030889e+000, 6.2933272007785729e-002,
       5.1880424999486996e-001, -1.8248641936162762e+000,
       5.5597594458466491e+000, 6.5245159563198721e-002,
       -1.5535384211077683e+000, 2.0598401003471561e-001,
       4.9660825433206313e+000, 5.4844144741969976e-002,
       -3.3619574945359032e-001, 1.4730259190348991e-002,
       4.1270963488201158e+000, 4.5143021569201656e-002,
       1.0510540506412734e-001, 1.1635918764573328e-001,
       5.0497989985730456e+000, 5.1092382564680350e-002,
       -1.9211168147891957e+000, -1.3940104421937369e-002,
       5.0658324157656835e+000, 6.0871207950605577e-002,
       -7.3814759015520626e-001, 1.2728735520682027e-001,
       5.1498157711145787e+000, 6.3990451288277184e-002,
       -1.1843633135015357e+000, 9.8654567755875888e-002,
       4.2821817511155515e+000, 6.0596601024150203e-002,
       -3.6088016175574944e-001, -1.0124472633239182e-001,
       5.1482862150818516e+000, 5.9781390150641489e-002,
       -1.2222179692059276e+000, -5.2249851136390624e-001,
       5.2525580421281930e+000, 6.5025520740701420e-002,
       1.6552684539920340e-001, -1.3134330445358084e+000,
       4.2383907951907407e+000, 5.4456373500152193e-002,
       -1.5991565065055457e-001, -2.1356638524350907e-001,
       5.1832296881474544e+000, 5.9721945841531301e-002,
       -2.5145591284393731e-001, -1.7272668393492907e-001,
       5.1560577927317341e+000, 5.9120925625067586e-002,
       -3.9066158587398397e-001, -1.1383006621213778e+000,
       5.3100132462729643e+000, 6.7476366570813795e-002,
       -1.5868057856253679e+000, 2.0402841703510405e-001,
       5.0697127937960609e+000, 6.8579469097352727e-002,
       5.1543084333266331e-001, -5.2867987615741074e-001,
       5.1354690308935353e+000, 5.1157857030908374e-002,
       -7.4593142238212606e-001, 2.4299800936538683e-002,
       9.1000604671433827e+000, 1.1665665904768273e-001,
       -1.3730490788055740e+000, -3.0571921646616332e-002,
       5.1232280605421412e+000, 6.5429081860546509e-002,
       -2.2040234179737939e-001, -1.0210829568674458e-001,
       5.1441717981868775e+000, 5.5302000753690288e-002,
       -1.0531513725629997e+000, 2.3112540985143615e-001,
       5.0899691851539854e+000, 6.5756975059843611e-002,
       1.0850925831608008e-001, 1.6330649838118516e-001,
       5.0685520047308943e+000, 6.0598738423064506e-002,
       -1.5797719599373359e+000, -1.0939294303518476e-001,
       5.1426058777558321e+000, 6.6624737286173991e-002,
       -1.1148936757693657e+000, -1.7171190837389825e+000,
       5.5527746502264588e+000, 6.3053289357459283e-002,
       1.6080397593170315e-002, -1.2498180787812685e+000,
       5.2876371049062847e+000, 5.6454819717667547e-002,
       -1.9074721146561333e+000, -1.2200976958849186e-001,
       5.0714269922929116e+000, 7.2626220195729854e-002,
       7.8798692596991671e-001, -8.4961919487571880e-001,
       5.1024964521165952e+000, 6.1678277337683871e-002,
       4.0629027873347751e-001, -1.8297060214366581e+000,
       5.5655161028197293e+000, 6.4980134729244188e-002,
       -1.7519994198912912e+000, 2.5494359306416048e-001,
       5.0703962596479126e+000, 7.4970020353199107e-002,
       -6.6426970128850127e-001, -5.2515569921710825e-001,
       5.2598712644575016e+000, 6.1746614237415141e-002,
       -5.0780031287704130e-001, 1.8642651512288170e-002,
       6.2174076854771929e+000, 7.5265718773316656e-002,
       -1.8476734064551752e+000, -1.7545366931463162e+000,
       5.5329195763602090e+000, 6.8538756311605734e-002,
       5.1342715446341347e-001, -1.8075185150519704e+000,
       5.5032583710069307e+000, 6.6879436061234435e-002,
       -1.6583018067679334e-001, -1.3552273184289970e-001,
       5.1441412594294622e+000, 5.7122101449947733e-002,
       6.8602275776777288e-001, -4.9169713682710170e-001,
       5.1152287519806201e+000, 5.4346637417756138e-002,
       2.2598855698629283e-001, -1.3324217640569311e+000,
       5.3435626719536007e+000, 6.2824133147991540e-002,
       -1.3776960024676845e+000, -1.0964742428180312e+000,
       5.4336887134730070e+000, 5.9826627599774931e-002,
       -1.0506280401994299e+000, 3.8619114105658919e-001,
       5.1540566718732563e+000, 7.6195067800540098e-002,
       -6.6303313146360199e-001, -5.9631690796664127e-001,
       5.2838556122723226e+000, 6.1958640511164745e-002,
       -1.9058630206942417e+000, -2.6192785921315562e-002,
       5.0199660813890965e+000, 8.5333077357625006e-002,
       -8.0993867913455009e-001, 1.7725283166316230e-001,
       5.1755675484749784e+000, 6.8149664736176438e-002,
       -1.5026985191210844e+000, 2.6817318138141294e-001,
       4.9873733705776342e+000, 7.4742729649537043e-002,
       -3.0524484087631742e-001, 3.2016853475814802e-002,
       5.0867167438718752e+000, 5.6644206721504393e-002,
       1.3122072013230973e-001, -1.4201508571369226e+000,
       5.3527669820025618e+000, 6.5681619962162513e-002,
       -4.8254205758112859e-002, 2.8439698812289298e-002,
       8.3001254352716529e+000, 1.0195155703446770e-001,
       -1.4992190570912687e+000, -1.5309820099208026e-002,
       5.1276257072128928e+000, 6.6916802405222908e-002,
       -1.3193228472604006e+000, -7.8300351753977260e-002,
       5.1296565896838899e+000, 6.3427944139397105e-002,
       -2.9214163839116669e-001, 1.7162572019753836e-001,
       5.0956580386313419e+000, 6.3933201105299459e-002,
       -4.1921829618389930e-002, -2.2314913240064765e-001,
       5.0792703669259334e+000, 5.6096322620148235e-002,
       -8.8928054241785537e-001, -1.8111297465993303e+000,
       5.6016088509008233e+000, 6.3118894642924250e-002,
       -1.1160674366846211e+000, -1.6285586186794239e+000,
       5.5426712062147896e+000, 6.0445591801045077e-002,
       -2.2325656794782702e+000, -1.5591771729995609e+000,
       5.5487434108226772e+000, 5.7597229101839578e-002,
       4.9787041132803211e-001, -1.7680974444491517e+000,
       5.3502937652243077e+000, 8.5808163389949663e-002,
       -6.0880342358224737e-001, 1.9661241640671036e-002,
       4.1753913993720841e+000, 5.0689347843717585e-002,
       8.1117283744240465e-001, -1.0945867565378538e+000,
       5.2016891244420513e+000, 5.4592404337306839e-002,
       -5.6875043967569483e-001, -1.2548442471824299e+000,
       5.3906632487298527e+000, 5.9097960472052208e-002,
       -1.3343884155890048e-001, -1.8138869060015395e-001,
       5.1338638197697204e+000, 5.3790916890977501e-002,
       -1.4733168140805941e+000, -2.5040925746513865e-001,
       5.2080693697261227e+000, 6.5639977905098110e-002,
       -1.4843708601670897e+000, -1.1965350767031957e+000,
       5.4405322065240362e+000, 5.9686172220635367e-002,
       3.0965906867471837e-001, -1.3042465387687514e-002,
       5.0317406203006918e+000, 5.4152685881025876e-002,
       -8.9137962693201089e-001, -1.8116592521157191e+000,
       5.6206269280568062e+000, 5.2558437552879492e-002,
       -7.0554199895064951e-001, -1.4387627024196314e+000,
       5.3732008610448529e+000, 6.2979346381660098e-002,
       -6.0967351711480200e-001, -1.3191862479932275e+000,
       5.4015879773496591e+000, 6.2551655907628914e-002,
       7.1756224912960054e-001, -9.0949336820087900e-001,
       5.1037297235263086e+000, 4.8962311692360358e-002,
       -1.3434845371178512e+000, -1.1353708187949625e+000,
       5.4362914472004524e+000, 6.0592871004191806e-002,
       2.2157856040234297e-001, -1.7577148119574439e+000,
       5.6814383265391344e+000, 6.7488801773109744e-002,
       -4.1426813928255801e-001, -1.2646657933070099e-001,
       5.1695886472094443e+000, 5.8619207507720719e-002,
       -1.4273586864130827e+000, 2.0278006965107784e-001,
       4.9294588058816977e+000, 6.5235276695904010e-002,
       -4.8970444541731684e-001, -1.2587894857744906e+000,
       5.3508087746215214e+000, 6.2696112824425346e-002,
       -1.2630283425882678e+000, -1.0745339413088539e-001,
       5.1472172205756213e+000, 6.6924008973469770e-002,
       -5.4096004564868672e-001, -1.2712757237819777e-001,
       5.1679467217576072e+000, 6.0433677399888169e-002,
       -1.1049223182374339e+000, -1.0436156653412716e+000,
       5.3970707673585201e+000, 5.9137329945655868e-002,
       -1.3930894440750059e+000, -3.6143101984385706e-001,
       5.2145237500945250e+000, 6.3894221877787732e-002,
       -2.2503967802358349e-001, -7.9006559721855205e-002,
       5.1442673007193171e+000, 5.8007633790179820e-002,
       -1.9444856065246702e-001, -6.5283652566731520e-001,
       5.2491269795828472e+000, 6.1458988742528968e-002,
       -6.8242462530698123e-001, 2.2247976858548433e-002,
       4.6792647823422691e+000, 5.6397328759929699e-002,
       7.2345862568377606e-001, -1.6012701735619355e+000,
       5.2886991289715990e+000, 7.5576446687878343e-002,
       -1.1609948805352144e+000, -3.4775711464678893e-001,
       5.1761952744599116e+000, 6.5419055181648908e-002,
       -7.5806248871781512e-001, -3.9320726472615802e-001,
       5.2184743340203656e+000, 6.3502802008387385e-002,
       -1.6218492047429089e+000, 2.0918434547899925e-001,
       5.2284215134271506e+000, 8.3348218064300400e-002,
       2.0307029768656970e-001, -9.1049223581148819e-001,
       5.2053478462033649e+000, 6.3703763508360531e-002,
       -2.5675068976749884e+000, -1.7914040194145051e+000,
       6.3814856595828040e+000, 6.2844291401361038e-002,
       -1.3856094330025703e+000, 1.1714573909424819e-001,
       5.0093082445114190e+000, 6.7435650010338952e-002,
       -7.5732533447105621e-001, -1.9931255679528850e-001,
       5.1808170219840450e+000, 6.3139480973485179e-002,
       6.0014656418564249e-001, -1.0570384295418318e+000,
       5.1883670245825879e+000, 5.3357478428812430e-002,
       3.0437467300788978e-001, -8.3457993919597118e-001,
       5.2020087120382987e+000, 5.9331240081862011e-002,
       -1.2010362752628647e+000, -1.6578489179660624e-001,
       5.1272711099052195e+000, 6.8374507976808899e-002,
       4.3864381375280304e-001, -1.3994697443926274e+000,
       5.3224080142775989e+000, 6.2299416793870382e-002,
       -2.2325910246450664e-001, -1.0380381874224484e-001,
       5.2092491539254553e+000, 5.6816043391629822e-002,
       4.0803498250106823e-001, -1.3406709111814710e+000,
       5.2985026153147077e+000, 6.2962720695307256e-002,
       -8.2116268480424259e-001, -1.3251578505034678e+000,
       5.3691113619263504e+000, 6.4590646240214086e-002,
       -1.2575917119288578e+000, -4.8944934808083751e-001,
       5.2278098811743261e+000, 5.9473834189980895e-002,
       2.7025078003998437e-001, -2.7137849891190752e-001,
       5.1269660687659879e+000, 5.2456118710644303e-002,
       -1.7167189045365421e+000, 2.1783513351559503e-001,
       5.0364864673509917e+000, 6.8375447802616701e-002,
       -1.1978043234117153e+000, 1.7010858142901231e-001,
       4.1377226113095595e+000, 5.4921583312107065e-002,
       -5.4347286772676723e-002, -9.8071730745184313e-002,
       5.0032118672684049e+000, 5.4625605775092977e-002,
       -2.1832521323356753e+000, -1.5077631443339670e+000,
       5.6707448329939512e+000, 3.9813225416441063e-002,
       -1.2146745719378089e+000, -1.1498976705710282e+000,
       5.5107459793987053e+000, 5.5399516482932523e-002,
       -7.8665872341725707e-001, -1.2418106989532327e+000,
       5.3691686489981345e+000, 6.1714710483619192e-002,
       -4.2263044332171973e-001, 1.9670117993387769e-002,
       5.1857597119585552e+000, 5.4425915539044502e-002,
       -3.0178117222192197e-001, -1.3882811994642874e-001,
       5.1549955746175531e+000, 5.9025132020578623e-002,
       -1.7725158236191483e+000, -1.5872187634625230e+000,
       5.4902046754710607e+000, 5.2317600156329712e-002,
       -6.1217089418934645e-001, -4.1991893322042839e-001,
       5.2335948619349635e+000, 6.0697919751581314e-002,
       -1.1231672533822765e+000, -3.4112475531316433e-001,
       5.2403095239574462e+000, 8.9629685119303804e-002,
       -1.4794421006699365e+000, -1.5431666001879916e-002,
       5.0599264671701754e+000, 6.6681914131072537e-002,
       -1.8374890223237361e+000, -7.6111465400970330e-002,
       5.0645218120908666e+000, 7.3325704182645890e-002,
       2.6276052900840074e-001, -1.1476026737697347e+000,
       5.2215764009950014e+000, 6.4341028178378806e-002,
       -8.3652918027416923e-001, -3.0908751883009522e-001,
       5.2280424344377234e+000, 5.7446393939330716e-002,
       3.1257037491489392e-001, -1.2195928942406145e+000,
       5.2485251736085159e+000, 5.9996763133432343e-002,
       7.5196213803647760e-001, -1.0350988188262358e+000,
       5.1065071261908814e+000, 6.8013077593531854e-002,
       -1.9730978065101388e+000, -1.3588155007067946e+000,
       5.1270453947426038e+000, 2.7484711725923944e-002,
       -2.1395913876099777e+000, -1.4758622693273762e+000,
       5.5583437230655655e+000, 3.5112739291576954e-002,
       -1.8599469653049705e+000, -8.1238793071293655e-002,
       5.1241066382728100e+000, 8.2757578535318080e-002,
       2.5445273522127404e-001, -1.4928061754342572e+000,
       4.8416907437315437e+000, 5.3644399570083018e-002,
       -1.9357551018214967e+000, -4.0467010347558237e-002,
       5.0740202500900269e+000, 5.2875150731066321e-002,
       4.6890992712393831e-002, 2.8348140933082352e-002,
       5.0501996041539874e+000, 5.7313955342537103e-002,
       -1.3870282222932626e+000, -1.5316063390073174e+000,
       5.5200907418465750e+000, 6.0320051511180584e-002,
       -1.2211313688312098e+000, -1.5325388503353388e+000,
       5.5419161343254180e+000, 6.1178792438398182e-002,
       -1.3233513969182724e+000, 1.2743394249085876e-001,
       5.0976466115805890e+000, 6.9050926894032000e-002,
       -1.8313575218460221e+000, -8.6458858612221939e-002,
       5.0416995007254997e+000, 9.4660822757931307e-002,
       3.2336526649586972e-001, -4.3450861889236769e-001,
       5.1828083177534401e+000, 5.3844008864103086e-002,
       4.5633571496256337e-001, -3.9728317307696470e-001,
       5.1222308670210248e+000, 5.5558245329584866e-002,
       -5.8918642495896867e-001, -4.7683208246174691e-001,
       5.2710384774564236e+000, 5.9917645235867074e-002,
       2.3327606840615431e-001, -4.6143481493929017e-001,
       5.2089227509699763e+000, 4.2636407892786304e-002,
       7.5024980285376475e-001, -1.0376009785411520e+000,
       5.0983530707165947e+000, 7.6132159553523773e-002,
       -2.4536202593367537e-001, -2.2087194471612503e-001,
       5.1500070466873549e+000, 5.7506601936845564e-002,
       -6.9477859884518278e-001, -6.5776471207221310e-001,
       5.3208494424676536e+000, 6.0438283549853922e-002,
       -1.8354835093175617e+000, -4.8220660855687991e-002,
       5.0485035617889658e+000, 7.3802444439139206e-002,
       3.2243058483942849e-001, -1.4003799839968709e+000,
       5.3134891157367985e+000, 6.5992099902169032e-002,
       -1.0230417239577529e+000, 4.8697483589823048e-001,
       5.1217315442064999e+000, 8.5637294732396271e-002,
       -4.6758874040770437e-001, -4.8467500675729983e-002,
       5.1169098010316230e+000, 6.3572539018150395e-002,
       -7.4243517104924217e-001, -8.4812492265676664e-001,
       5.2980696761283301e+000, 6.5193905866950050e-002,
       7.1787989502155836e-001, -1.7788044898251203e+000,
       5.3789740104732697e+000, 5.6277554778393100e-002,
       7.1055408677581888e-001, -1.6941235735901570e+000,
       5.3128061497688943e+000, 7.6425767915125800e-002,
       -1.0661865409247706e-001, -4.8092749142285462e-001,
       5.2409724050925366e+000, 5.9214414306490867e-002,
       5.2480215818540399e-001, -5.1908099284046105e-001,
       5.1831687689986650e+000, 7.1891647408407533e-002,
       -2.4139514993958446e+000, -1.6737324383751464e+000,
       6.0067895359619197e+000, 3.4950035255469081e-002,
       -6.0372607047035198e-001, -1.3206643877227657e+000,
       5.3819046739883465e+000, 6.5537740717536694e-002,
       -1.6285358795477063e+000, -1.5959847485596770e-002,
       5.2122957988312422e+000, 6.9602845737221558e-002,
       -1.5469484844461630e+000, -4.0180757851740123e-001,
       5.2208542007949585e+000, 6.7283755968104431e-002,
       -1.0869484309677335e+000, -1.3806125108642102e+000,
       5.4413003115436602e+000, 6.3811553272929603e-002,
       -1.5589717232568949e+000, -5.9966287049717704e-001,
       5.2648791041562673e+000, 6.3542203370093475e-002,
       -9.0092688941650789e-001, -1.0286365524434187e+000,
       5.3278031277660416e+000, 6.0659096596486876e-002,
       -4.8829017029391153e-001, -9.2938228939128453e-002,
       5.1859083586387396e+000, 5.7322645243447767e-002,
       -2.4397680574648439e-001, 1.7513669919525410e+000,
       -5.2957820225974181e+000, 5.6587864426710696e-002,
       -1.5420728220952742e+000, -5.1191380427499011e-001,
       5.2435928972685497e+000, 6.1933503151726993e-002,
       4.1295045984038714e-001, -1.0903138172616338e+000,
       5.2458073021703804e+000, 5.9870649332557535e-002,
       -8.3406893254859760e-001, -3.9421582254878562e-001,
       5.2735966897141386e+000, 6.0639891992124086e-002,
       -7.8234930261262658e-001, -1.2312367411538405e+000,
       5.3797834995659723e+000, 6.3120123997176300e-002,
       -1.8520105656683197e-001, -1.0620807140921948e+000,
       5.2634568429538113e+000, 8.9166520620845499e-002,
       -7.6087525025569558e-001, -8.4884905505134264e-002,
       5.1784397923746361e+000, 6.1227746137084108e-002,
       -9.7269791436747788e-001, 2.4335927158151344e-001,
       5.1072960915103032e+000, 6.4837830855769857e-002,
       2.2523988938632025e-001, -1.7857622645661766e+000,
       5.7741963105253502e+000, 6.7342722546710462e-002,
       -1.2732388725191059e+000, -1.7852405171734720e+000,
       5.5892892513830912e+000, 6.1568385262484732e-002,
       -1.6130631563756721e+000, -5.1067178794752288e-001,
       5.2388354086044089e+000, 6.0558974886142161e-002,
       2.7121200886536095e-001, -1.3972468182499191e+000,
       5.3278220746621141e+000, 6.5061446756196226e-002,
       2.7946495066714527e-001, -1.3265817529070258e+000,
       5.2787190910429125e+000, 6.8171080005843848e-002,
       -3.6114834370710447e-001, -1.1736428486314834e+000,
       5.2978986132491581e+000, 6.8394218418239602e-002,
       -1.3714458009415531e+000, -1.7497863344057707e-001,
       5.1918358069311932e+000, 6.1043907783155521e-002,
       -1.3879054018675836e+000, -2.5350149632751745e-001,
       5.2355980516306451e+000, 6.6934687347895261e-002,
       9.1143112370872925e-001, -1.3795929498541903e+000,
       5.3051991516887522e+000, 6.9376667800636255e-002,
       -1.7954721144258099e+000, -1.6751017470573626e+000,
       5.5258014949018781e+000, 5.9486800707015300e-002,
       1.0378250411818775e+000, -1.2038637525648670e+000,
       5.2869073131688937e+000, 6.0748627622206897e-002,
       -7.2851343034387206e-001, -1.2107526459752638e+000,
       5.3648512184736212e+000, 6.6078682055705149e-002,
       -5.3417921535064794e-001, -9.1450421173742535e-001,
       5.3131549361297985e+000, 6.2113267647166556e-002,
       6.0246899770461981e-001, -1.0556330683036297e+000,
       5.2050964807713536e+000, 4.4046469043015443e-002,
       -1.6470008294209724e+000, -4.6749385472028671e-001,
       5.2427510669520494e+000, 5.3053426052585700e-002,
       -1.8771230987919685e+000, -1.7832868697132558e+000,
       5.6201708294434525e+000, 7.1711723441228517e-002,
       -1.5553311324771699e+000, -1.6577315336453249e+000,
       5.5605992786534202e+000, 6.0171976706873118e-002,
       -6.6299465060081086e-001, -1.1692437270408309e+000,
       5.3414192440521671e+000, 5.7008452046132745e-002,
       -1.2039985553213028e+000, -3.1337744629690084e-001,
       5.1697897461690943e+000, 6.3783036035596499e-002,
       -1.2659599674491844e+000, -3.4670236429981613e-002,
       5.1812960804003456e+000, 6.3175942204225233e-002,
       -3.5674689941239407e-001, -2.1262224731660143e-001,
       5.1545216601001389e+000, 5.9824414497779817e-002,
       -7.3816542573136190e-001, -5.3761811755041977e-001,
       5.2801874425270681e+000, 6.4704652167815596e-002,
       -2.6266946020561066e-001, -5.6707606541925193e-001,
       5.2459712488908501e+000, 6.0107009621958217e-002,
       -1.5715638280306434e+000, -1.1220906742895949e-002,
       5.0321837462936276e+000, 5.8746468905827555e-002,
       -1.8414535466559303e+000, -1.2656550232032680e-002,
       5.0608188456516423e+000, 5.9840498184077398e-002,
       -1.4822981284196155e+000, -3.7998844276630084e-001,
       5.2289111966741091e+000, 6.3071540464346362e-002,
       -1.6375919308805248e-001, -5.4157825022395994e-002,
       5.4726882735376545e+000, 6.2495955700902626e-002,
       4.1466010482564575e-001, -1.2806274170778968e+000,
       5.2742105928437351e+000, 6.7890989236356517e-002,
       -4.9892228218957951e-001, -1.5234720571928153e+000,
       5.4258159491612918e+000, 6.9110652583737942e-002,
       3.2507923311705172e-001, -1.0904653914985512e+000,
       5.2332779845647961e+000, 5.7990578242272051e-002,
       -1.6198803863456277e+000, 2.6537406025611565e-001,
       5.0902787086880945e+000, 6.8696827228233143e-002,
       -1.9581543581740948e-001, -3.5757951124685255e-001,
       5.1579912897588658e+000, 6.1633182999109214e-002,
       -6.2139488270988186e-001, -6.4480507157436184e-001,
       5.2975218622299671e+000, 6.4922975640729325e-002,
       -9.6170744791671980e-001, -1.2583012892336396e+000,
       5.3154941548013479e+000, 7.8186249098486760e-002,
       -3.4149573883349860e-001, -7.9521644073051201e-001,
       5.2775374424322479e+000, 6.3124191679240618e-002,
       2.6068114848445151e-001, -9.6538520016662188e-001,
       5.2310753899648521e+000, 6.2276581482430260e-002,
       8.0581817551724322e-001, -5.3504147397753776e-001,
       5.0760378074010362e+000, 4.9341357606457879e-002,
       9.6911662372033511e-002, -5.7554297935287740e-002,
       5.0551358751940549e+000, 5.7689479434998116e-002,
       -4.0690103753861095e-001, -1.6705292037681190e+000,
       5.5376888592151285e+000, 6.1789587297723582e-002,
       -6.2818260078261523e-001, -1.5988019591731084e+000,
       5.5264283639057243e+000, 6.5262222373589168e-002,
       -3.9473282570548862e-001, -5.2399882397840369e-001,
       5.2625983231475058e+000, 6.2291689960146349e-002,
       -1.9788136157466703e+000, -9.5173560129413715e-001,
       5.2780723783655574e+000, 6.1411240041677452e-002,
       -1.2789487349338096e+000, -3.0549968132324268e-001,
       5.2532796546921467e+000, 5.7778988088118988e-002,
       -2.5215584026936927e-001, -5.8321462300577243e-001,
       5.2487035402467601e+000, 6.2208121381243688e-002,
       -1.0227844906257013e+000, 3.0587572756940506e-001,
       5.0172562871219473e+000, 7.4807586399976381e-002,
       -4.7535020675856199e-001, -1.0252527322482066e-001,
       5.1829522179861458e+000, 5.9805232053990222e-002,
       -1.3813552895436985e+000, -1.5477491420966483e+000,
       5.5417701984932686e+000, 6.3524472925759912e-002,
       -1.4710146514746714e+000, -6.5066021606613023e-001,
       5.3171199385829588e+000, 7.2558106361138949e-002,
       8.1688341817346100e-001, -1.2997290748489907e+000,
       5.2753706459170182e+000, 5.8422623520057608e-002,
       -2.1863990192749685e+000, -2.4644335107896087e-001,
       5.1537475974620861e+000, 7.0071319061851836e-002,
       -1.5472085566915392e+000, -1.9345345226641131e-001,
       5.1716040513808261e+000, 6.6554176329514381e-002,
       -1.5458836476750619e+000, -3.2998261621557634e-001,
       5.1960500046585789e+000, 6.8725065629014370e-002,
       -4.4538164569666028e-001, -1.7985500629629503e+000,
       5.5715802755397466e+000, 6.7028069690601336e-002,
       -1.3569800749925598e+000, -1.1531797939188944e+000,
       5.4409705889331139e+000, 6.0224462234053082e-002,
       -1.4264359958237285e+000, -3.0371822611962485e-001,
       5.1866655145554610e+000, 6.5720979472893043e-002,
       -1.6834906261582971e+000, -4.4277639394395918e-001,
       5.2057846681974933e+000, 6.5692412794826696e-002,
       -1.2320922983121041e+000, -8.6450389405358119e-001,
       5.3501240867174547e+000, 6.4730539085978062e-002,
       -1.1967115170734810e+000, 3.2164058150227737e+000,
       1.7338789245419722e+001, 2.3041162869581885e-001,
       -4.5028778640189271e-001, -6.8727532702174599e-001,
       5.2771031410629003e+000, 6.3541975444679558e-002,
       -1.2342018678740978e+000, -8.9806120593555994e-001,
       5.3346919554171555e+000, 6.7842577327746637e-002,
       -1.5495498293399155e+000, -1.1634282639012762e-002,
       4.9615318974153508e+000, 5.9067535232695707e-002,
       -9.4817181673654782e-001, 1.7555536398886046e-001,
       5.1130278546866990e+000, 6.2415624227274862e-002,
       -1.9081003228787212e+000, -1.2668128097433837e+000,
       5.3811432717561409e+000, 5.3133922505130826e-002,
       -1.9037447829299130e+000, -1.3098421637403019e+000,
       4.9474282400027647e+000, 2.3867441404019477e-002,
       2.2715644577719024e-001, 1.7130670544411813e-001,
       4.9780632247659566e+000, 5.6055815532067399e-002,
       9.7862644908955498e-001, -1.2035777608558851e+000,
       5.2565308168699509e+000, 6.2482477284292584e-002,
       4.8439474247886161e-001, -1.7142379048025096e+000,
       5.1988963791220995e+000, 7.5996480307107428e-002,
       -9.1181695772240712e-001, -7.0858854829962248e-001,
       5.2421682642645084e+000, 5.9308238234497788e-002,
       -1.3796828972099182e+000, -1.3409685890055347e+000,
       5.4715432036406551e+000, 6.4049820046470654e-002,
       9.5361991620351194e-001, -8.3489434865125389e-001,
       5.1901424873374609e+000, 5.6111092237051380e-002,
       -1.8340409521202110e+000, 9.4726020590332194e-003,
       5.0204946626613962e+000, 7.5718365528977469e-002,
       -9.0910562799284633e-001, -1.6362913259380654e+000,
       5.5592072357771700e+000, 7.1789210550663035e-002,
       3.3554105924199884e-001, -2.6049892831131798e+000,
       8.5346257052798578e+000, 3.3301145902387454e-002,
       -1.9858475000339126e-001, -9.4903873625835425e-002,
       4.6302580693501252e+000, 5.5782568849352641e-002,
       -1.1721774819825561e+000, -1.1116597675521254e+000,
       5.3164825899081984e+000, 5.7969009828341432e-002,
       2.3686364553770159e-001, -1.4878735838163970e+000,
       4.8042714775308424e+000, 6.0191620582850408e-002,
       2.9316314821706413e-001, 4.8253471616946889e-002,
       5.0362133364914872e+000, 5.4432187376539341e-002,
       -6.3357984534915801e-001, -1.0625832870910439e+000,
       5.3295595140537078e+000, 6.0279324844956947e-002,
       9.0791966526540513e-001, -1.3801658489561079e+000,
       5.2880571792099511e+000, 7.8997422636768982e-002,
       -2.7377434758779895e+000, -2.2702396978555761e+000,
       -9.1189798916615921e+000, 1.3339228732768746e-001,
       -2.9274978827361164e-001, -2.6818252045903168e-001,
       5.1878789610747873e+000, 6.1990818077565846e-002,
       -1.9416684618108948e-001, -1.7200023407856202e+000,
       5.4204127576214489e+000, 6.1568267917717363e-002,
       2.9446961949883615e-001, -9.7425791075144197e-001,
       5.2194680562903653e+000, 8.2274258032544553e-002,
       3.0048951536308288e-001, -1.4183188815462846e+000,
       5.3958613242470896e+000, 6.7372031281244069e-002,
       -6.9854806924576995e-001, -1.3092444579544524e+000,
       5.3849000364451092e+000, 6.2417501488023198e-002,
       8.2348179404883692e-001, -4.9928486842456077e-001,
       5.0756720897109728e+000, 4.8555996740610993e-002,
       -1.8827228762405321e+000, -1.5747802109207404e-001,
       5.2194139711605283e+000, 8.6710560923108859e-002,
       -1.5366525085298122e+000, 1.3412485477817893e-001,
       5.1163640659477512e+000, 7.0836693530745690e-002,
       -1.9338655408251366e+000, -2.3913517824588069e+000,
       -9.2328271085329590e+000, 1.3727304635603024e-001,
       -1.2662142239525562e+000, 1.6820371787116820e-001,
       4.0859728414660310e+000, 5.5520025468106839e-002,
       -6.9486583665825452e-001, -1.3291996840755144e-001,
       5.2127484171551188e+000, 5.5639606007981436e-002,
       -1.4338109185040497e+000, -1.6637277790490033e+000,
       5.5545929501137472e+000, 6.1650624362173979e-002,
       -1.4088303211366804e+000, -5.0990899300520587e-001,
       5.2511338700565471e+000, 6.3123626600578603e-002,
       -6.7942792798514651e-001, 1.6687440601588210e-001,
       5.1798296625108584e+000, 5.6493831576661942e-002,
       6.1649499959826191e+000, 6.1289914102334864e-001,
       1.7963258843558513e+001, 1.5298399133363338e-001,
       -1.5443738414678569e+000, -6.2581910260955786e-001,
       5.2888087381877353e+000, 6.4565821205063961e-002,
       -9.8041445924266846e-001, -1.0510831369228792e+000,
       5.3489507935248763e+000, 5.7418369996665067e-002,
       -1.0939535780953609e-001, -3.1422840253635731e-001,
       5.2027998650500527e+000, 5.7607309000818570e-002,
       3.3953708002178340e-001, -2.0160348414406318e-001,
       5.1150746656753636e+000, 4.9735886742324070e-002,
       5.2410793717353901e+000, 4.4187412480412931e+000,
       1.7554418106982496e+001, 1.6326562094678243e-001,
       -1.9781839354052647e-001, -7.6064415354785875e-001,
       5.1931521415750677e+000, 6.1618526900179771e-002,
       -1.6807700753769106e-001, 1.2679380706645157e-001,
       5.1447056140332839e+000, 8.8468468733286010e-002,
       -1.3615082904055402e+000, -8.3256384974302589e-001,
       5.3371991047384810e+000, 6.0947134741295254e-002,
       -3.5064232763236280e-002, -7.9249485967225453e-001,
       5.2416866757967275e+000, 5.0360131931697832e-002,
       -1.4511943853236825e-001, -2.4988076896517866e-001,
       5.0129993167548177e+000, 5.2485300189932069e-002,
       -9.9193225658422457e-001, 8.6351722574164902e-001,
       4.8793924588814814e+000, 6.5903389307970156e-002,
       -1.4813922838595248e+000, -1.7815723782088104e+000,
       5.5823571733219843e+000, 6.0441171817229584e-002,
       -2.2845637512789022e-001, -1.1056837069170020e-001,
       5.3152352797712545e+000, 6.7343796372085971e-002,
       -1.4809740093949038e+000, -1.5419695008661090e+000,
       5.4978648683198124e+000, 6.4896007369708408e-002,
       1.0254003022697840e+000, -1.3992556405691889e+000,
       5.3025006853053993e+000, 6.2199423488194960e-002,
       -6.2551894762385174e-001, -1.1156389752585818e+000,
       5.3478866487315546e+000, 5.6389134583252405e-002,
       3.6305767477839457e-001, 9.3374191720876309e-001,
       4.7749565333923272e+000, 3.8611274717094642e-002,
       -2.3775197237091428e+000, -1.4563635544052547e+000,
       -9.5907144020041741e+000, 1.3171554948073491e-001,
       -1.3768183768203244e+000, -1.7892930315050142e+000,
       5.5876763429096199e+000, 5.9560864742076135e-002,
       6.3819498305151323e-001, -1.2612925004199353e+000,
       5.2642813148699297e+000, 8.4514287807507082e-002,
       8.2132517293999863e-001, 9.9279417671259673e-001,
       4.6557823162017193e+000, 3.4169408517294678e-002,
       -1.7048230602945518e+000, -7.3079093641645188e-001,
       5.3367263932416105e+000, 6.4925478551325341e-002,
       -1.7672122725632189e+000, 3.1321782859418612e-002,
       5.1094768305555753e+000, 7.2081605949508298e-002,
       -1.4596823800041558e+000, -1.5167877056362085e-002,
       4.9924844925693046e+000, 6.5671326924567272e-002,
       4.8541119517540199e-002, -3.4293648427887102e-001,
       5.0919208538885972e+000, 6.0803541234502018e-002,
       7.0224493489497175e-001, -5.2176086498903407e-001,
       5.2543030202332659e+000, 8.9391475084842104e-002,
       3.2340587424321676e-001, 1.0429637684764170e+000,
       4.7447037684523563e+000, 3.8124202669589768e-002,
       1.0272987743903654e+000, -7.6947493528727939e-001,
       5.1423116137609322e+000, 5.6102561398846354e-002,
       3.2150090767183925e-001, -1.2690562215766525e+000,
       5.2900834561840853e+000, 6.0757411900831081e-002,
       6.4434352096141678e+000, 6.4017636769140340e-001,
       1.8777190440285537e+001, 1.6116510821343089e-001,
       -6.0991033801069783e-001, -9.4900367756315218e-001,
       5.3109686568283383e+000, 6.5316998788961980e-002,
       -2.4061385149985773e-001, 9.9120747031338163e-002,
       5.1893105571077509e+000, 6.3215423956813274e-002,
       -1.4096575019961719e+000, -1.4219370763997909e-003,
       5.3285323726879419e+000, 6.0263868034580351e-002,
       -3.5996484270439773e+000, -1.4381385084054927e+000,
       -9.4411697204402270e+000, 1.0471203493307954e-001,
       5.6498384799570278e+000, 1.9975022096742694e+000,
       1.7976885621530226e+001, 1.4887437881572058e-001,
       1.3828231236790534e+000, 3.5878390382194034e+000,
       1.8607129325889559e+001, 2.5926567366770753e-001,
       -1.2703282490477461e+000, -3.6703833363565475e-001,
       5.2145728489108958e+000, 6.4317838156711243e-002,
       4.3087531951240410e-001, -2.1618684614697035e+000,
       6.5993119362533434e+000, 6.9718979773164852e-002,
       -1.6892497695226756e+000, -2.3196590076001944e-001,
       5.1982612819193736e+000, 6.4157813940970587e-002,
       9.8935736303086674e-001, -9.8718618527024904e-001,
       5.1569543274111034e+000, 6.3913423500013375e-002,
       -3.4511183271407688e+000, -2.2192576599897089e+000,
       -9.0985509202659571e+000, 1.2160484503923279e-001,
       -9.5992734409648783e-002, -1.4233162122628115e-001,
       5.1284931428588898e+000, 5.4668164397223933e-002,
       5.6611269508462101e+000, -9.2547906056943352e-002,
       1.8183560482252481e+001, 1.6982900679922336e-001,
       -1.6065191372306495e+000, -1.5389567242148283e+000,
       5.5042250880974652e+000, 6.3897038899876288e-002,
       -2.0962494607131976e+000, -8.6855616291434823e-001,
       -9.9624094610232063e+000, 1.2652197249580729e-001,
       -1.6582460618101398e+000, -6.4014900743144754e-001,
       5.2884105748404284e+000, 6.4016767792646492e-002,
       -1.5689924091989815e-001, 2.5609067992761797e-001,
       5.0390023683869352e+000, 4.7970472710845702e-002,
       -1.5291838233852650e+000, -1.2343831866006099e+000,
       5.4536076327838803e+000, 6.1455446921059607e-002,
       5.9757006960791745e+000, 2.0087216230908282e+000,
       1.8068357785522398e+001, 1.5904687858244393e-001,
       -5.8195568018067123e-001, -1.2260105620276815e+000,
       5.3561385722021981e+000, 6.5938023724149586e-002,
       -2.7436361460163887e+000, -1.2345492402809086e+000,
       -9.6947682807105036e+000, 1.1281176767118631e-001,
       4.7294832694438398e+000, -4.6867488584281913e-002,
       1.7714443548575467e+001, 1.6931201022184522e-001,
       -1.2088964959760755e+000, -6.1491518056497663e-001,
       5.2917746593718888e+000, 6.7061051530032154e-002,
       7.6661634746839402e-001, -4.7318648655231849e-001,
       5.1175247288406283e+000, 5.3113934995834652e-002,
       -1.5734118861334774e+000, -1.5277582706530892e+000,
       5.5278285468669361e+000, 6.3264659381812763e-002,
       -2.4378999829724174e-001, -3.1574068147695689e-001,
       5.1926631461262591e+000, 6.0513795069147988e-002,
       4.8711483121549748e-001, 9.6126784686467448e-001,
       4.7306843363426747e+000, 3.6939320273572329e-002,
       -1.9217915033402542e+000, 9.7520110216015254e-002,
       5.0199682006858941e+000, 6.6559774088789381e-002,
       -1.1187655453374963e+000, -5.0032372527885682e-001,
       -3.9582905067379643e+000, 5.3240065627916527e-002,
       5.6175073130411313e-001, 1.7743115103239621e-001,
       4.9497050505794018e+000, 4.4938393970625962e-002,
       -8.3000038543776289e-001, -4.7832646187017264e-001,
       5.2681007914383038e+000, 6.3055391268025590e-002,
       -1.6888504803317803e+000, -1.5995576107949834e+000,
       7.6560636774326278e+000, 8.1072320492489788e-002,
       -2.2773241479224051e+000, -1.4148678606056957e+000,
       -9.6499786787470399e+000, 1.3644809293324445e-001,
       -7.2210916472959386e-001, -9.4570333577227284e-001,
       5.3165753291650573e+000, 6.2897968995132378e-002,
       8.7084189593246331e-001, -1.5872114928315297e+000,
       5.3215949220195906e+000, 6.0355179401228747e-002,
       -1.1028056958207304e+000, -6.6242402518297183e-001,
       5.2538239669184010e+000, 6.5972386868437247e-002,
       -6.4905244447594634e-001, -1.0957132096574487e+000,
       5.3429523859021852e+000, 6.3029804238165538e-002,
       -1.0732225213221300e-001, -5.8982689259271903e-001,
       5.2674791438092194e+000, 6.0499011902252917e-002,
       -1.3907470635669859e+000, 3.4697311492849414e-001,
       5.0372526141604119e+000, 6.6768613613424926e-002,
       2.0427550784776660e-001, 1.0707362526396116e+000,
       4.7596764131866642e+000, 3.9375167271292200e-002,
       -2.6572817738057801e+000, -2.1752610654261315e+000,
       -9.3098814801422058e+000, 1.3038076475170313e-001,
       -5.9155186964565931e-001, -1.8672525764858600e-001,
       5.1632545103720950e+000, 6.5605793430704662e-002,
       -1.5354759316008564e+000, -1.4938434186174365e+000,
       5.5096939396567102e+000, 6.0558251423793764e-002,
       -1.6204916929709117e+000, -4.1707661163031018e-001,
       5.2116412134124488e+000, 6.8901082803696473e-002,
       -1.2324297515910989e+000, -1.5566382223392123e+000,
       5.5358966414446051e+000, 5.9696914809421638e-002,
       4.4419546688557199e-001, 7.4110089745372010e-001,
       4.8083827411940483e+000, 3.8452580180273484e-002,
       -8.8219338823099824e-001, -1.0146621935692730e+000,
       5.3327274379117231e+000, 6.1631418151433984e-002,
       2.9210524582117914e-001, 4.4367296588250615e-002,
       5.0261092380756196e+000, 6.1945327980592171e-002,
       8.0926710369161114e-001, -1.5011036401806774e+000,
       7.8136765097826624e+000, 1.2821503971207807e-001,
       -3.8208595653139732e-001, -5.2147574786486284e-001,
       5.2509285727120680e+000, 6.0790237167999944e-002,
       9.1221264637495447e-001, -1.1956637652199711e+000,
       5.2797016547893723e+000, 6.3123236891313939e-002,
       4.8339361258781344e-001, -7.8212241847542441e-002,
       5.0969378246593209e+000, 5.3280971863168269e-002,
       -1.5762777865770001e+000, -6.9669645177363027e-001,
       5.2872586171472769e+000, 6.8085920136988026e-002,
       -4.8112003638755485e-001, -1.5347649907896246e+000,
       5.5086650906810117e+000, 6.7228589496981309e-002,
       -1.4377522073434217e+000, -1.5252711955413571e+000,
       5.5134831882976147e+000, 6.8636505208729409e-002,
       -9.0337062871779517e-001, -6.6230419519243355e-001,
       -3.9454420738905736e+000, 6.2643989994801877e-002,
       1.5509037590467174e+000, 3.4167503808215391e+000,
       1.8316697131419065e+001, 2.2893473703707615e-001,
       -1.3460498171695634e+000, -3.6530093949571074e-003,
       5.0872481166210264e+000, 6.2145354331116086e-002,
       9.2023534907437132e-001, -1.6206310750869140e+000,
       7.9636599986362757e+000, 7.8457764583354087e-002,
       -1.0445700463210419e+000, 1.0639006107461522e+000,
       4.8375127969548153e+000, 6.7408941552515561e-002,
       5.9065158431142759e+000, -5.1237630238772647e-001,
       1.7709842230494250e+001, 1.3222767829544260e-001,
       6.0045917748283877e+000, -7.5086786145970419e-001,
       1.7923419240671361e+001, 1.5523303651031209e-001,
       -1.2342902549292638e+000, -8.3801422934178360e-001,
       5.3757844790780140e+000, 6.5721818126155879e-002,
       1.6889749623314437e-001, 1.9976157060452184e+000,
       1.8254132378407650e+001, 2.1580601059245128e-001,
       -2.2923815581857259e+000, 3.6306059385926361e+000,
       1.7211208872086011e+001, 2.4100439857394645e-001,
       1.0200980380316280e+000, -8.0448231277155724e-001,
       5.1600033314254645e+000, 6.0425322417491531e-002,
       2.1913513068906990e-001, -1.7473608369785318e+000,
       5.6335036619676018e+000, 7.5557076702938139e-002,
       -4.1069671563786042e-001, -3.7787838888061065e-001,
       5.1899511694667995e+000, 5.7641425411373473e-002,
       7.0175113099434405e-001, -2.4404579522007153e-001,
       5.0295744019504172e+000, 4.9075836372275028e-002,
       -5.5260477679518383e-001, -2.6093840295199433e-001,
       5.2038313990990099e+000, 5.6994603721551622e-002,
       3.4289281710066790e+000, 2.4948254238774519e+000,
       1.7824113044570225e+001, 1.9054747040601502e-001,
       6.1106074061558733e+000, 2.4661869533846597e+000,
       1.7510664783515395e+001, 1.5214455221042553e-001,
       -3.4883761683898573e-001, -5.3818892106460847e-001,
       5.2462179255386205e+000, 6.1265998488829666e-002,
       -2.5163717995413077e+000, -1.4009377259275086e+000,
       -9.6421281488999178e+000, 1.2671268987603729e-001,
       -9.5524290073125651e-001, -1.0578462558376527e+000,
       5.3725997752709080e+000, 5.8133911543924603e-002,
       -1.2792725214389322e+000, -1.3477564923288070e+000,
       5.4844564789903121e+000, 6.6965751679541413e-002,
       9.0981214738915717e-001, -2.0032530161932693e-001,
       4.9624227137775971e+000, 4.9153223684692854e-002,
       7.8911723971290848e-001, -2.3282890240589871e-001,
       5.0345829574705707e+000, 5.2772290475250221e-002,
       -1.4007825268078569e+000, -1.1971401685650829e+000,
       5.4464416337384103e+000, 5.9854636113962578e-002,
       -1.2187609331135172e+000, -1.2310673748962744e+000,
       5.4213226203133020e+000, 6.1582711489395071e-002,
       5.6959787921867306e+000, 3.7699632211419704e-001,
       1.8006296320651643e+001, 1.4384150087506239e-001,
       -7.1589583130870071e-001, -3.5240645510080920e-001,
       5.2297117116647893e+000, 6.4285227104854001e-002,
       -2.0143381872848296e-001, -3.2580562816111386e-001,
       5.1907639913477333e+000, 5.8379257041465897e-002,
       -3.9274224093119664e-001, -1.2311939872472406e+000,
       5.3427584696788655e+000, 4.5917400203197574e-002,
       -5.1435012209641329e-001, -3.7485476981740440e-001,
       5.2348921829830530e+000, 5.8357333893853301e-002,
       7.6253382955683446e-001, -1.5104507712855639e+000,
       5.2264423331322245e+000, 8.4376436303589972e-002,
       6.3649737310349437e+000, -4.6474506812664806e+000,
       1.8670637604314834e+001, 1.6967705477793674e-001,
       -3.5203441424691553e+000, -1.2723054447103153e+000,
       -9.5923483982560747e+000, 8.9057820066768531e-002,
       -1.4132193723487754e+000, -1.1380133079639654e+000,
       5.4780611264591652e+000, 6.2571933412469249e-002,
       2.9609766540008420e-001, -1.9686501308860826e+000,
       6.0480519941921376e+000, 7.9943452993472358e-002,
       -4.1819594817281069e-001, 2.0673599568717388e-001,
       5.0975444528478722e+000, 5.7107212759721832e-002,
       -1.5006915838046404e+000, -1.3465395870018337e+000,
       5.4932407618825625e+000, 5.4741755185926708e-002,
       2.1491851599986744e-001, 1.0674448313077867e+000,
       4.7315099035889450e+000, 4.0046791574503991e-002,
       -1.9025986115921143e+000, -2.1714629420141485e-001,
       5.1047454471478790e+000, 6.7306779848923817e-002,
       8.9373332239913206e-001, -5.7708177858914622e-001,
       5.1534855739038647e+000, 5.2222970304784448e-002,
       3.8068903135546943e+000, 3.0320084262434794e+000,
       1.7849136267020555e+001, 1.8267346587052022e-001,
       -2.6686966725574734e+000, -1.9771683309401007e+000,
       -9.1368554685169485e+000, 1.2186715982639830e-001,
       9.6175289669023711e-001, 2.2828458401489078e+000,
       1.8656765737666433e+001, 2.1376554225723199e-001,
       1.1996550518904905e+000, 3.9072593137309997e+000,
       1.7956974987116364e+001, 2.2859206009211469e-001,
       -3.3283498048938638e+000, -1.2759460927575546e+000,
       -9.7172514746320111e+000, 1.0695077146051107e-001,
       -3.3551929989624076e+000, -2.3480833169798507e+000,
       -8.9700974771053996e+000, 1.2216550827965805e-001,
       -1.1062016001853520e-001, -6.4694107864629047e-001,
       5.2537403873339183e+000, 5.6606231481774620e-002,
       5.0565145558873557e+000, 1.7852950645801197e-001,
       1.8308544061709469e+001, 1.5395878235905625e-001,
       -1.1729561800791259e+000, 4.5077747056363615e-001,
       5.0253660549954535e+000, 6.2985653109868533e-002,
       3.1094254159443135e-001, 9.4047164118807447e-001,
       4.7486113016275961e+000, 3.7980562719516400e-002,
       -3.3642163289174976e+000, -1.3652248855286724e+000,
       -9.6173724937449627e+000, 1.1108383828153795e-001,
       -5.4785595769381978e-001, -1.2320426357269565e+000,
       -1.0187233741097057e+001, 1.4392641388072483e-001,
       3.2397113999605948e-001, 2.1625333541644010e-001,
       4.9759435963662355e+000, 5.2541849457252467e-002,
       1.1299043788877041e+000, -1.2703543353797526e+000,
       5.2763434735780415e+000, 5.9127085876705732e-002,
       8.6563378645437217e-001, 4.7925529557212485e+000,
       1.7499938624069401e+001, 2.4013565785159577e-001,
       -1.6744146810012885e+000, -1.3042833004187488e+000,
       5.4591823391260910e+000, 6.8189916078522997e-002,
       2.8925876077534918e-001, 4.7746949971291330e-001,
       4.9124891372726500e+000, 4.8950160543522192e-002,
       -8.1747677979650613e-001, -4.9828136718506355e-001,
       5.2515411180786327e+000, 6.3936324613225085e-002,
       4.3793016631977422e-001, -2.6413323648964215e-001,
       5.0996236444566811e+000, 4.8572199007303744e-002,
       -1.9639341713338849e+000, 1.0432170035210456e-001,
       5.1316385505851052e+000, 5.8713971178613114e-002,
       -6.0669472817073300e-001, 1.0684186078430900e+000,
       4.8449718561663149e+000, 5.4262890627255825e-002,
       -7.3517092126308792e-001, -1.2850902574667458e+000,
       5.4606709997419545e+000, 7.1750263585842522e-002,
       5.8750391414652749e-002, -4.1464782987495363e-001,
       5.1546837740538951e+000, 5.6319055237285774e-002,
       5.1491818089149675e+000, -7.0810369156763953e-001,
       1.8465374854819295e+001, 1.4379254207014835e-001,
       7.0005791966292250e+000, -6.2608514578467975e+000,
       1.9202851339620452e+001, 1.5597087719181782e-001,
       -1.6206596815911736e+000, -2.2514351576755809e+000,
       -9.4642926200678819e+000, 1.4793996891791159e-001,
       5.1145670145284221e+000, -5.0934126579646199e-001,
       1.8383580770605079e+001, 1.7628898355593481e-001,
       3.9946478737948001e+000, 1.0481352662313212e+000,
       1.8291571474808958e+001, 1.6570609573246015e-001,
       -1.7763438474744762e+000, -1.0931480683447345e+000,
       -9.9923920549645899e+000, 1.2731204115766223e-001,
       -8.8554575288743098e-001, -9.0996695447615694e-001,
       5.2975744319150166e+000, 6.0912691337049303e-002,
       -3.3688145888511573e-001, -1.3061741412759220e+000,
       -1.0225274190923177e+001, 1.4879872088770579e-001,
       -4.1500132374249982e-001, -1.6505509890506365e+000,
       5.5327974018836947e+000, 6.4637774442056067e-002,
       2.9983352134108321e-001, 4.4517918130516121e-001,
       4.9411563522421638e+000, 4.2151362737444562e-002,
       4.2206031187738855e+000, -2.5365412400695997e-001,
       1.8566095870077717e+001, 1.7252956295196820e-001,
       -3.0561096412056195e+000, -1.0605924202513501e+000,
       -9.6839895815438020e+000, 1.1047126033765245e-001,
       -4.3395979736429959e+000, 1.1542500942797121e-001,
       -9.9901712828125575e+000, 8.0512837849445462e-002,
       -3.7669148964408761e+000, -2.0462925060336685e+000,
       -9.0745296603488583e+000, 1.0784342104374138e-001,
       -2.8534026341583605e+000, -2.5440347773595073e+000,
       -8.9580743853508285e+000, 1.3182568415454324e-001,
       -9.4934912205374228e-002, -4.2313691704626349e-001,
       5.2942691979642031e+000, 5.3616780518871046e-002,
       -1.7310001467708220e+000, -1.2429984155474370e+000,
       -9.9926117382981303e+000, 1.2540160724751129e-001,
       6.3388135831141952e+000, -1.4475038728322573e+000,
       1.8234764378903236e+001, 1.8482555696807437e-001,
       -1.2802788438462156e+000, -1.5627934433494182e+000,
       5.5683511004333983e+000, 6.3250632609866062e-002,
       2.2891051822083597e-001, -1.4348821159568366e+000,
       4.6383993623792552e+000, 5.4985373242663269e-002,
       5.9065048587099289e-001, 9.0009186216055115e-001,
       4.7360291012750784e+000, 3.0915949822077512e-002,
       1.8094599736774869e-001, 2.0674412319230218e+000,
       1.8714204448768150e+001, 1.8017937680357651e-001,
       6.1349185484305924e-001, 1.0317510925519453e+000,
       4.6995759034178146e+000, 3.2199308864320729e-002,
       -1.3967243166112051e+000, 3.3254760772562864e+000,
       1.7369385529898103e+001, 2.3304672972430837e-001,
       6.1726604265832297e+000, 2.1768544800745229e+000,
       1.7275271230328876e+001, 1.6241556991576331e-001,
       1.0493293408226916e+000, -4.0919496791096313e-002,
       4.9006379887935276e+000, 4.5867412682465719e-002,
       -2.3908159347864921e-001, 9.8003335687561699e-001,
       4.8959152641802355e+000, 5.0506692587985881e-002,
       2.8539933122380318e-001, 1.0830143561876349e+000,
       4.7233178530610731e+000, 3.8336370810190756e-002,
       -2.1260415437513682e+000, -1.0488088889227885e+000,
       -1.0005970039653224e+001, 1.2272023331971543e-001,
       -2.4995388834681771e+000, -1.4080362379879032e+000,
       -9.6620746219603646e+000, 1.1620083817785125e-001,
       -1.3842121692181630e+000, -8.4026600355440184e-001,
       5.3317838221464218e+000, 6.4477016691742856e-002,
       4.2376694857062951e+000, -2.6604238863042207e-001,
       1.8307861211847690e+001, 1.7436450297497164e-001,
       5.1217730181748582e+000, 2.3462112135164430e+000,
       1.8182247551936847e+001, 1.5115783103096184e-001,
       7.3770230997982844e-001, 1.1784672053991629e+000,
       4.5834778553817852e+000, 2.9612659534066867e-002,
       -1.7012668075842927e+000, -1.2315816763425724e+000,
       -9.7334866138981688e+000, 1.1737772477143395e-001,
       -1.3017392525625873e+000, -7.7963175848128508e-001,
       5.3293306743821187e+000, 6.2597431206240214e-002,
       6.9785441312103258e-001, -9.9574440669154912e-002,
       5.0115532254253274e+000, 4.8799652905688426e-002,
       1.7006143561613485e-001, 4.5948900171314283e-001,
       4.9175532486094244e+000, 4.7659509760960651e-002,
       4.1470222670202990e+000, 2.6272558479353716e+000,
       1.7732587466976121e+001, 1.9894488205961694e-001,
       -1.2719221348844814e+000, -1.6927237693932218e-001,
       5.1779349322111550e+000, 6.4815801279886121e-002,
       1.1033711470393404e+000, -1.1321891162281266e+000,
       5.2515196649858318e+000, 6.0984482142894238e-002,
       8.2105233465275185e-001, -4.0568372881049120e-001,
       5.0960552030803132e+000, 4.8788049708653115e-002,
       -1.3034490830483438e+000, -4.9972678002123383e-001,
       -3.9013433188120130e+000, 5.4349317737390677e-002,
       -3.1651089259110781e+000, -1.2235434634447107e+000,
       -9.4635790854681581e+000, 1.0983678256461087e-001,
       -9.9552952534827566e-001, 2.3925018394960978e-001,
       5.2192374148202383e+000, 8.5315896740808084e-002,
       6.0044153151082886e+000, 2.3550901048411239e+000,
       1.8031893589916571e+001, 1.6360949214414808e-001,
       9.6204843795533374e-002, 1.0161283416526179e+000,
       4.7920599246144846e+000, 4.9922290819154058e-002,
       -1.6013555955810614e+000, -1.4371190862593606e+000,
       5.4792182113831034e+000, 7.0723701071172596e-002,
       4.9247810633940716e+000, 4.8388514820449604e+000,
       1.7606515022959965e+001, 1.7307334454087189e-001,
       -6.7240133223480436e-001, 2.4097331057373206e-001,
       5.0787566234433328e+000, 5.3932760857559957e-002,
       -1.5442245253605007e+000, -1.5634433495667017e+000,
       5.5414717929116755e+000, 5.6617405625183387e-002,
       1.3250223021968882e-001, 5.4881247175766024e-001,
       4.9640415581805266e+000, 5.6180876038429722e-002,
       5.7977935978170518e-002, 1.2776284940424691e+000,
       4.6815909743404092e+000, 4.3977055841313513e-002,
       1.8206615032592213e+000, 3.2395419177832023e+000,
       1.8332728938679445e+001, 2.1774592142865484e-001,
       2.7583255483598745e-002, 4.4863683560015621e+000,
       1.7849170365990950e+001, 2.5801069674902816e-001,
       -1.1652635324397287e+000, -1.0979780896111719e+000,
       -9.9560554002129571e+000, 1.1445568586203443e-001,
       -1.4136695630259992e+000, -1.2908372663365144e+000,
       5.4507925414934464e+000, 6.0646314294223888e-002,
       5.8614460589580508e-001, 8.9339503150680621e-001,
       4.6997219861567308e+000, 3.0278511322118309e-002,
       -8.0234901792670432e-001, 1.5516495687668905e-001,
       5.0950975828277212e+000, 6.6439996964188175e-002,
       -2.0604994164809969e+000, -6.9191868222278996e-001,
       5.2245373168727589e+000, 6.1057912625754836e-002,
       -2.2380494695723196e-001, -4.2299311679254503e-001,
       5.2172172133738455e+000, 6.0560638038474515e-002,
       -9.7637993780201415e-001, -5.9582129831037700e-001,
       -3.9466456529737828e+000, 6.0722906655443207e-002,
       -1.6183477884118873e+000, -7.7611971511703437e-001,
       5.3330160482061064e+000, 6.5704056292184038e-002,
       -4.0209559595271553e+000, 3.2615460812922090e+000,
       1.6719379891503515e+001, 2.7288044227508962e-001,
       -2.6404386012657377e+000, -2.2208573124562099e+000,
       -8.9986474669257142e+000, 1.3580714405809122e-001,
       4.5733477461438055e+000, 2.6142437789860797e+000,
       1.7786195679921217e+001, 1.7135478690407818e-001,
       7.3266464075038812e-002, 7.9717108944485326e-001,
       4.8308457258400468e+000, 5.2792779967754951e-002,
       5.6237094555634048e-001, 5.4233969649469116e-001,
       4.8370958470770660e+000, 3.7648174437147748e-002,
       5.5631207713579354e+000, 2.1740390837153947e+000,
       1.6714902216012621e+001, 1.7009643825829304e-001,
       -1.1694269695805111e+000, -3.3990962114586809e-001,
       -4.0341310067340803e+000, 5.7116130247296323e-002,
       9.3488375139465174e-001, 2.3608191781579005e-001,
       4.8600724635368469e+000, 4.1399657400160994e-002,
       4.6089050445082886e+000, -5.7127566581853717e-001,
       1.8466265774172403e+001, 1.6445444630651071e-001,
       -1.5332923698375778e+000, -4.5801003598344291e-002,
       6.2703787870198848e+000, 8.4313788609672799e-002,
       -4.0508087996134599e+000, -6.8639211835379355e-001,
       -9.8743392049566960e+000, 8.0726597144979650e-002,
       2.1335271432025409e+000, 2.6493824576831217e+000,
       1.8138147080730342e+001, 2.0492528048512712e-001,
       9.7041848405522413e-001, 2.9019520974384638e-001,
       4.8126637303057844e+000, 3.6134977794491686e-002,
       -7.2376047290635925e-001, -5.2034934164393754e-001,
       -4.0703555551928501e+000, 5.7724981195562221e-002,
       -5.7865684263291484e-001, -6.8836518558599780e-001,
       -3.9814418884841425e+000, 6.4025973457111099e-002,
       -1.2381482668046815e+000, -6.7676041246605934e-001,
       5.2474213941973034e+000, 6.1447647580794046e-002,
       -3.0336090040779196e-001, -1.4179556047301334e+000,
       5.4012760763483652e+000, 6.0417574029009047e-002,
       -1.1937423979114525e+000, -1.9214874432817858e-001,
       5.1287548958303528e+000, 5.6450008100806741e-002,
       -2.0589838661974502e+000, -1.5970837416215089e-001,
       5.2943585099134332e+000, 6.2213457281340236e-002,
       -4.7449541220677827e-001, -7.7691384563328539e-002,
       5.1559554970763992e+000, 6.4108840239851250e-002,
       -6.6649020936959846e-001, -2.0689299600745708e+000,
       -9.5907057206862678e+000, 1.5535676274351326e-001,
       -1.4375822156328402e+000, -2.4534344526966356e-001,
       5.0813661238742185e+000, 6.6101864040358102e-002,
       -2.6201907890224296e+000, -2.1361158859207743e+000,
       -9.1745698533483608e+000, 1.4351874634041917e-001,
       8.3561472059531505e-001, 6.1909954723289018e-001,
       4.8025103366787114e+000, 3.4903444403186039e-002,
       -1.9196063335728049e+000, 2.9645836595777211e+000,
       1.7331266213787334e+001, 2.3394058216974939e-001,
       -1.3297739478556925e+000, -1.5321832448765353e+000,
       5.5172226533993189e+000, 5.7887598836228724e-002,
       -9.0485615621662552e-001, 3.6078942795340909e+000,
       1.8106957284381302e+001, 2.2522791591016572e-001,
       6.5976922908298743e+000, -4.1682248491582454e+000,
       1.8352548766422753e+001, 1.5060836754248758e-001,
       -3.9915710327759548e+000, -1.6880650732934841e+000,
       -9.2165744116348876e+000, 9.0701176963999347e-002,
       -1.2372956997745930e+000, -4.3622865203615546e-001,
       5.1801079481389003e+000, 7.5093939431478809e-002,
       1.0048027901489842e-001, 4.6163356256087773e-001,
       4.9404805564822523e+000, 4.8845527854923902e-002,
       -5.3779887872801624e-001, -1.2873049148515108e+000,
       5.2083432511873298e+000, 7.9084471028678882e-002,
       2.9683774496625503e-001, 1.2258252997495560e+000,
       4.6734926015947664e+000, 3.6096416568946584e-002,
       -1.3353028284919588e+000, 2.1777527047772527e-001,
       5.0456716345595574e+000, 6.4803307750387493e-002,
       -8.1544545421382142e-001, -5.0406846127998528e-001,
       -4.0130485976718084e+000, 7.0968999723338297e-002,
       -8.3696062776038249e-001, -9.9749000537152632e-001,
       5.2956075682204649e+000, 7.2663203202652432e-002,
       -1.9948172452134134e+000, -1.2517318810162201e+000,
       -9.8545133908467939e+000, 1.4874838860160444e-001,
       6.8407329200121636e-001, 8.3522098647566412e-001,
       4.7254575443475151e+000, 4.0048773133010578e-002,
       2.1549202830760195e-001, -1.7383213591443736e+000,
       -1.0549972915663645e+001, 1.1779202093113122e-001,
       -1.9762653477745662e+000, -9.5352184704644838e-001,
       5.2918840087684824e+000, 6.5285667576350737e-002,
       8.9852305363905538e-001, 4.5324175223939400e-001,
       4.8372625374758922e+000, 3.6507503862952644e-002,
       -2.1717542747273963e+000, -2.5999585982045064e+000,
       -9.0541885787717540e+000, 1.5061814007718291e-001,
       5.2259256344922171e+000, 1.5671100282362489e+000,
       1.7832765266918482e+001, 1.7811367787031587e-001,
       -8.7683770746869449e-001, 8.9532899484325568e-001,
       4.8774740207926737e+000, 6.4542018347397270e-002,
       -1.3292250515809028e+000, -2.0116710046422032e-001,
       5.2244250678482986e+000, 5.9397880089562323e-002,
       8.1566777306365901e-001, 4.0401913680206458e-001,
       4.8428905766438808e+000, 3.4871453948131112e-002,
       -3.4235898218951011e+000, -7.9942848554742940e-001,
       -9.7825601454962516e+000, 9.3788504890028365e-002,
       1.4573578257281800e-001, -1.0873121510775583e+000,
       5.2660372416271777e+000, 6.3288528946018288e-002,
       -1.6827450390910870e+000, 7.1256766922229431e-001,
       4.9000765664716042e+000, 7.2715047978458708e-002,
       4.0267129857823880e-001, -9.9407447185189768e-001,
       5.2698359301303253e+000, 4.3744637943323297e-002,
       -4.8127352595842943e-001, -1.7043360535888774e+000,
       5.5348969956981104e+000, 6.6828447125468218e-002,
       -1.1312243653373484e+000, -6.4371259050322294e-001,
       -3.8714505555919727e+000, 6.5900981648973220e-002,
       -4.0144478734669899e+000, -5.3613123629940274e-001,
       -9.8411889315796728e+000, 8.8335813059777973e-002,
       9.0825376113253542e-001, 2.7817251973394630e-001,
       4.9233528838918570e+000, 4.1504564829338703e-002,
       3.2388279394068092e-001, -9.4634567102444911e-001,
       5.1850789920693394e+000, 6.3724479572649220e-002,
       -6.2261820923044309e-001, 4.8475059831252096e+000,
       1.7661726253219427e+001, 2.7041444322994385e-001,
       6.7158353156857435e+000, -4.6512355069741140e+000,
       1.8564934324204636e+001, 1.2208744326097676e-001,
       -1.9967950564108237e+000, -1.2699432779438771e+000,
       -9.8823102030011434e+000, 1.1928214091915658e-001,
       6.2970117930107872e-001, -1.1364117899546006e-001,
       5.0178534134359998e+000, 4.8764333762353645e-002,
       -9.6404241698853577e-001, 7.1549385376260066e-001,
       4.9368565694081443e+000, 5.8466918117847787e-002,
       -1.6731116360471123e+000, -1.3787368158726410e+000,
       5.4855373877540341e+000, 5.4743683184535701e-002,
       3.8377443960225763e+000, 2.3397170719151759e+000,
       1.7621752020213492e+001, 2.8214063338385825e-001,
       1.3389728552296606e-001, 1.0640193796434876e+000,
       4.7622988351934881e+000, 3.8557353522977837e-002,
       8.2536229523874838e-001, 3.6198615927723576e-001,
       4.8193444063659685e+000, 3.9073212326725587e-002,
       1.1986070106945979e+000, -1.6376984581821199e+000,
       5.3529080822857908e+000, 6.6723401772739097e-002,
       -2.9052173082383224e+000, -1.0300731348033574e+000,
       -9.7158558380922067e+000, 1.2508824830937620e-001,
       6.1292798379222646e-001, -3.8766574668767739e-001,
       5.0848771054934367e+000, 4.9300537123603737e-002,
       6.1522954601861777e+000, 1.0147973198217633e-001,
       1.7632553147075846e+001, 1.3671137747631212e-001,
       -9.8084207186249628e-001, 7.9921921441038560e-002,
       5.1497062931456883e+000, 5.0589675384941746e-002,
       2.0680024859634630e-001, 8.3434675477378262e-001,
       4.8041752533837538e+000, 3.7644207559844954e-002,
       -1.3820594748846153e+000, -3.1583188743880652e-001,
       -3.9512326356509258e+000, 5.1850550608708107e-002,
       -1.1795958610633530e+000, -7.6470510126973323e-001,
       5.3115377060300917e+000, 6.6951542243394932e-002,
       -1.3331953524466225e+000, -1.5416687081596940e+000,
       5.5254204238163185e+000, 7.1991107647231461e-002,
       6.0977710839677215e+000, 4.3931994749752796e+000,
       1.7751773479473670e+001, 1.7242453982514103e-001,
       -5.0733896599264117e-001, -2.9184232397757742e-001,
       5.1177142680327687e+000, 4.5187722496088989e-002,
       9.9688711327643731e-001, -8.6317286707409102e-001,
       5.1541483427606778e+000, 6.5233677019319064e-002,
       5.4832277876789322e+000, 2.3990216545037684e+000,
       1.7759037622066959e+001, 1.5809000919458591e-001,
       9.9083328026276907e-001, -2.1415402327587590e-001,
       4.9771224910848799e+000, 4.9852772241672741e-002,
       7.4924339687258024e-001, 3.9520788304704968e-001,
       4.8094032146129777e+000, 4.2329348668150343e-002,
       -1.8669192903073160e+000, -9.1317163042383798e-001,
       -1.0003201202178085e+001, 1.2430770680186848e-001,
       4.0108717408366856e-001, -1.3253358963842499e-001,
       5.0731472318007178e+000, 5.1270312214040617e-002,
       -3.3029045047388483e+000, -7.4481234126506146e-001,
       -1.0217955659292979e+001, 1.1214306694087427e-001,
       -2.2363808132485294e+000, -5.9793596749170885e-001,
       5.1770179734458592e+000, 6.1489233833955929e-002,
       -4.6536499483320326e-001, -1.0404813400967236e-001,
       5.0689754984023292e+000, 6.6090228266438733e-002,
       -1.3005769975309334e-001, 3.4105562353631697e-001,
       4.9962611467952716e+000, 4.5984313759653582e-002,
       -2.4743572482029066e+000, 4.6083973010498012e+000,
       1.7065060231182493e+001, 2.5931995866794155e-001,
       -2.9885161193417833e+000, -1.2811158707109709e+000,
       -9.6307650979954680e+000, 1.2478887496265376e-001,
       6.0280293917174514e+000, 2.3461098994151759e+000,
       1.7661251211053642e+001, 1.4140449543261477e-001,
       -1.3556284489878521e+000, -9.7347670486754939e-002,
       5.1652674087634765e+000, 8.2836527789657138e-002,
       4.3964873686136556e+000, 2.5097877641549271e+000,
       1.7898354572070104e+001, 1.8039013075075716e-001,
       6.4537081898655313e-001, 8.0830838823876427e-001,
       4.7747421990632652e+000, 5.0360665684774021e-002,
       -2.0937138213045499e+000, -9.3635289929797216e-001,
       -9.9573716917520976e+000, 1.2154564593188473e-001,
       3.7462376342780694e+000, 4.9451241958465371e+000,
       1.7814839382463745e+001, 1.9651555071209215e-001,
       -2.9758922170809089e-002, 4.3539445981660096e-001,
       5.0292331535417638e+000, 5.7876800500492105e-002,
       -4.1674509844703500e-001, 2.4746515352579962e-001,
       5.0954413016694451e+000, 6.2026722881207683e-002,
       -1.3348845354903998e+000, -5.0692475211721799e-001,
       -3.9009296545714589e+000, 5.3251201206011713e-002,
       -1.9002020747223023e+000, 1.1740233004660858e+000,
       4.5589673217449658e+000, 7.4325499686158494e-002,
       3.3161139007765166e+000, 4.8601535363958730e+000,
       1.7900112799985475e+001, 1.9537807881980712e-001,
       -4.9749260941407669e-001, -1.1053784223138435e-001,
       5.1899755986733833e+000, 5.9845946471923463e-002,
       5.9753114769312727e+000, 4.3597136985576013e+000,
       1.7991964658791105e+001, 1.4473362681874716e-001,
       2.8503858700204948e-001, -1.1464405771611568e+000,
       5.2657790872892658e+000, 4.6960604384837651e-002,
       -2.0015803807663772e+000, -1.0707256757377057e+000,
       5.3085574226613650e+000, 6.4287971980376016e-002,
       -1.0207639924422290e-001, 8.0159397666375221e-001,
       4.8117185233537949e+000, 3.6139500899755490e-002,
       -8.6160462400152249e-001, -4.2251949513496423e-001,
       -4.0627863688877248e+000, 5.6177603811094566e-002,
       1.0556028646095660e-001, -2.8154500665869631e-001,
       -4.3026179409852086e+000, 5.2146938266319741e-002,
       -7.8324866933106210e-002, 1.0433345038835169e+000,
       1.8890355567412758e+001, 2.0841994399170236e-001,
       -1.5486015649812751e-001, 2.5315884560472857e-001,
       4.9750028612318875e+000, 4.6716617537835313e-002,
       -1.3170931653416318e+000, 2.1612195284604524e-001,
       4.1401541405727764e+000, 5.5254759404455726e-002,
       -7.6697215144883812e-001, -1.5608156250813776e+000,
       5.5248172692305868e+000, 6.1150177521630433e-002,
       -1.9200909783474678e+000, -8.3116280153668187e-001,
       5.2319556583903912e+000, 5.9359872703901549e-002,
       -1.1314801570847322e+000, -1.5156545239086778e+000,
       5.5739752455565093e+000, 6.9868359073824590e-002,
       8.0829869988399849e-001, 3.8998297459658700e+000,
       1.8852082699511172e+001, 2.6351026546320816e-001,
       -9.3364265782633360e-001, 8.9373604497353565e-001,
       4.8730641442251468e+000, 7.0422500428981655e-002,
       -1.6484821635332707e-002, 2.8058051535542045e-001,
       5.0555449760350442e+000, 5.1855221151247508e-002,
       6.1727697192552231e+000, 6.8587037954113472e-002,
       1.8417326078187713e+001, 1.4915058577373652e-001,
       -2.1792776564196013e+000, -1.8144374875597893e+000,
       5.6216746311451882e+000, 6.0790128358319373e-002,
       -3.3250533130993389e+000, -2.1818731385403103e+000,
       -9.1223186818122954e+000, 1.1663448686401193e-001,
       -5.8489278445510573e-001, -1.7145571611282233e+000,
       5.5596592591384066e+000, 6.9332210547389833e-002,
       3.2313290286180125e+000, 2.3719710586886551e+000,
       1.8832671265023603e+001, 1.7965370819965296e-001,
       -1.2461397329973725e+000, 1.2326872214783084e+000,
       4.7796950671939253e+000, 6.6148703746345336e-002,
       -1.1068172615632905e+000, -2.5445859362541923e-001,
       -4.0760844343033424e+000, 4.7183875819275828e-002,
       -1.8360456383373049e+000, -1.9811471640716383e-001,
       4.3318615218154708e+000, 4.0707025916939581e-002,
       4.6062944034043856e+000, 3.2267247310049538e+000,
       1.8016084570956185e+001, 1.8756577966656240e-001,
       1.1751671237621462e+000, 3.5910838930739897e+000,
       1.8311946700679091e+001, 2.4561349371273630e-001,
       -1.4298080561539270e+000, -6.4295625931209299e-001,
       -3.8225585038945993e+000, 5.9292579763706776e-002,
       -9.4389713041945678e-001, 3.6066363797128698e-001,
       5.0439602973880078e+000, 6.4823307685391657e-002,
       -1.2555845728853292e+000, 1.2418824578114145e+000,
       4.8158158537759945e+000, 6.6885755473034894e-002,
       -5.4735202675910855e-001, -1.1923564468689341e+000,
       5.3475405108310676e+000, 5.9751639913402876e-002,
       -2.5068314391212594e+000, 1.1033852574073471e+000,
       1.7964259016406125e+001, 2.4926579096268697e-001,
       -1.7883427455169798e+000, 4.7279820711646037e-001,
       5.4712019837827466e+000, 4.2755427116043014e-002,
       2.0301923717762400e+000, 3.2599678365523461e+000,
       1.8002082863584082e+001, 2.2591867309150765e-001,
       4.8023487016776678e-001, -1.0525266469438470e+000,
       5.2370316649268052e+000, 6.4910968380755302e-002,
       -6.1003073894488424e-001, -7.6801765022183410e-001,
       -3.9455428025751340e+000, 6.0298438158956358e-002,
       -2.0646582180873825e+000, -9.4036148702330746e-001,
       5.2925828409260030e+000, 7.0844643934313709e-002,
       -2.8206473549772095e+000, -1.8864607679188510e+000,
       6.6555862947621218e+000, 9.9591126037279362e-002,
       1.0091923966023937e+000, 1.3012031946215008e-001,
       4.8567608221664944e+000, 3.9026820055062181e-002,
       -2.0172083152693893e-001, -3.4584022663064878e-001,
       1.6654628052324327e+001, 2.2647620768046364e-001,
       -2.5909007044009593e+000, -2.5047546888299972e+000,
       -9.2033517960129032e+000, 1.3760819038211181e-001,
       -1.8524427390522900e+000, 2.8617425358287392e+000,
       1.6732447941071584e+001, 2.2625044236367126e-001,
       5.3385137087071826e+000, 4.1624553017407120e+000,
       1.7903499096300848e+001, 1.6170860521901456e-001,
       6.1572604327421354e-001, -2.1147212167690596e-001,
       5.0368343181581947e+000, 4.7950424182568153e-002,
       -1.3383503922500806e+000, 1.0701261201271890e+000,
       4.8347947118928012e+000, 6.7260023227202662e-002 ]
