%YAML:1.0
current_middle_points: !!opencv-matrix
   rows: 607
   cols: 4
   dt: d
   data: [ -4.2196485307980404e-003, 1.2993353994005052e-001,
       5.0660387586119811e+000, 5.4511772544841935e-002,
       -1.4924367299432790e+000, 2.3079987025165460e-001,
       5.0238898848443121e+000, 7.4688436196360355e-002,
       -8.8861675497647097e-001, -1.1576514557837119e+000,
       5.3716374551561525e+000, 6.1715085544066253e-002,
       -1.2764657327657774e+000, 2.3266441311936936e-001,
       5.0159943321346070e+000, 7.0230248504007595e-002,
       2.8309625430365593e-001, -1.6606570897778252e+000,
       5.3886290676293296e+000, 5.8219455373600897e-002,
       -4.4280482190312664e-001, -1.3205440703712528e+000,
       5.3627017624965649e+000, 6.4015441102327875e-002,
       -5.2003478221189159e-001, -1.2321660585971976e+000,
       5.3610231743340551e+000, 6.0563779733583033e-002,
       -6.5865004728590193e-001, -5.5777627226580684e-001,
       5.2774467744425309e+000, 6.1837945419151379e-002,
       -1.6129382142159354e-001, 1.3446309276272939e-001,
       4.9947101728532068e+000, 6.2933240882636757e-002,
       5.1880401068840831e-001, -1.8248636120551702e+000,
       5.5597570850713112e+000, 6.5245502378984216e-002,
       -1.5535376891647843e+000, 2.0598391492348883e-001,
       4.9660802073784032e+000, 5.4844115247647415e-002,
       -3.3619576280370167e-001, 1.4730265755605380e-002,
       4.1270965208580703e+000, 4.5143011495963684e-002,
       1.0510537634410448e-001, 1.1635917715174815e-001,
       5.0497974599823419e+000, 5.1092316803869317e-002,
       -1.9211172549585114e+000, -1.3940108795955510e-002,
       5.0658335754121993e+000, 6.0871224298194922e-002,
       -7.3814745235216461e-001, 1.2728733241941187e-001,
       5.1498148150458558e+000, 6.3990437617836252e-002,
       -1.1843634843981077e+000, 9.8654601595436195e-002,
       4.2821823779620729e+000, 6.0596570856255479e-002,
       -3.6088006672931217e-001, -1.0124470211325930e-001,
       5.1482848651673940e+000, 5.9781379067179508e-002,
       -1.2222173792843796e+000, -5.2249827109888081e-001,
       5.2525555040974741e+000, 6.5025513616884523e-002,
       1.6552680736107500e-001, -1.3134328095332455e+000,
       4.2383899092532431e+000, 5.4456438125232924e-002,
       -1.5991560596641802e-001, -2.1356634592819251e-001,
       5.1832281675841863e+000, 5.9721975155351353e-002,
       -2.5145584367796481e-001, -1.7272664722885267e-001,
       5.1560563596405524e+000, 5.9120931832632333e-002,
       -3.9066148105169779e-001, -1.1383003757945902e+000,
       5.3100117716231203e+000, 6.7476406485820720e-002,
       -1.5868060948711964e+000, 2.0402848552720565e-001,
       5.0697137941976571e+000, 6.8579425760045123e-002,
       5.1543064942948702e-001, -5.2867971183441176e-001,
       5.1354671242020107e+000, 5.1157901883113442e-002,
       -7.4593108702921274e-001, 2.4299789420927080e-002,
       9.1000564225527754e+000, 1.1665660767861930e-001,
       -1.3730493051759893e+000, -3.0571921617345059e-002,
       5.1232289076474071e+000, 6.5429082444096995e-002,
       -2.2040229997389899e-001, -1.0210827124191971e-001,
       5.1441708486558877e+000, 5.5301979233352887e-002,
       -1.0531515067878918e+000, 2.3112545088003403e-001,
       5.0899698411007082e+000, 6.5756960905203873e-002,
       1.0850919642455398e-001, 1.6330641859970729e-001,
       5.0685489351677910e+000, 6.0598663090045371e-002,
       -1.5797712898347731e+000, -1.0939289921607376e-001,
       5.1426036994581512e+000, 6.6624713945111283e-002,
       -1.1148930644024788e+000, -1.7171181805455995e+000,
       5.5527715648247984e+000, 6.3053352276051161e-002,
       1.6080389637278016e-002, -1.2498177862254878e+000,
       5.2876357087824175e+000, 5.6454878097873674e-002,
       -1.9074725441995963e+000, -1.2200980727160962e-001,
       5.0714281285343308e+000, 7.2626257418926449e-002,
       7.8798655398922746e-001, -8.4961874829858797e-001,
       5.1024940080896108e+000, 6.1678168866186010e-002,
       4.0629002979690160e-001, -1.8297048493173809e+000,
       5.5655126267447530e+000, 6.4980037680601205e-002,
       -1.7519997944439494e+000, 2.5494366959963255e-001,
       5.0703973525598531e+000, 7.4969993006057695e-002,
       -6.6426954383869874e-001, -5.2515562157527840e-001,
       5.2598699640244764e+000, 6.1746703500823112e-002,
       -5.0780015600434325e-001, 1.8642648417201532e-002,
       6.2174057849810493e+000, 7.5265690307066202e-002,
       -1.8476736915197542e+000, -1.7545370055183696e+000,
       5.5329203897676766e+000, 6.8538871272005669e-002,
       5.1342693453376032e-001, -1.8075178871540394e+000,
       5.5032561267339961e+000, 6.6879618128440538e-002,
       -1.6583014849580796e-001, -1.3552269662382596e-001,
       5.1441403161718249e+000, 5.7122070059780088e-002,
       6.8602248806525457e-001, -4.9169697497920983e-001,
       5.1152267585099498e+000, 5.4346675757735587e-002,
       2.2598856087059821e-001, -1.3324218556627641e+000,
       5.3435628751196216e+000, 6.2824215622318602e-002,
       -1.3776962118391765e+000, -1.0964744679175182e+000,
       5.4336894907612638e+000, 5.9826770984570447e-002,
       -1.0506281654437770e+000, 3.8619118696252880e-001,
       5.1540572862396177e+000, 7.6195077139593309e-002,
       -6.6303297371839620e-001, -5.9631679878635324e-001,
       5.2838543181982782e+000, 6.1958699040314147e-002,
       -1.9058622218439956e+000, -2.6192761633084136e-002,
       5.0199639904630260e+000, 8.5333014263342069e-002,
       -8.0993850868955131e-001, 1.7725279395908147e-001,
       5.1755664639276802e+000, 6.8149651465059122e-002,
       -1.5026979065301089e+000, 2.6817309723433980e-001,
       4.9873713551261316e+000, 7.4742650321940191e-002,
       -3.0524475902299580e-001, 3.2016856648075721e-002,
       5.0867154133865267e+000, 5.6644168605000614e-002,
       1.3122063825564093e-001, -1.4201500533815661e+000,
       5.3527637955001319e+000, 6.5681661889526718e-002,
       -4.8254203055016112e-002, 2.8439712129934062e-002,
       8.3001255458168934e+000, 1.0195153194267570e-001,
       -1.4992193243763641e+000, -1.5309826460795678e-002,
       5.1276266190316244e+000, 6.6916821662939857e-002,
       -1.3193230290338089e+000, -7.8300366202217531e-002,
       5.1296572942390846e+000, 6.3427960296891045e-002,
       -2.9214146976210731e-001, 1.7162565311731970e-001,
       5.0956551891711364e+000, 6.3933107009581991e-002,
       -4.1921818111664497e-002, -2.2314907987471205e-001,
       5.0792688493993001e+000, 5.6096334199005671e-002,
       -8.8928032792933931e-001, -1.8111293822829309e+000,
       5.6016073831941764e+000, 6.3119089577165985e-002,
       -1.1160675691713950e+000, -1.6285588859271680e+000,
       5.5426717744713425e+000, 6.0445791966085294e-002,
       -2.2325662687905998e+000, -1.5591775954320832e+000,
       5.5487448670025117e+000, 5.7597269967917572e-002,
       4.9787025547764296e-001, -1.7680969660854955e+000,
       5.3502921563067840e+000, 8.5808240073192654e-002,
       -6.0880316549545599e-001, 1.9661227888716548e-002,
       4.1753896302337141e+000, 5.0689337176083010e-002,
       8.1117284020082581e-001, -1.0945867973826233e+000,
       5.2016891593272607e+000, 5.4592470672055159e-002,
       -5.6875011085490002e-001, -1.2548435482262630e+000,
       5.3906600957390065e+000, 5.9097994417747511e-002,
       -1.3343877513664759e-001, -1.8138860001426610e-001,
       5.1338613067110765e+000, 5.3790886845423540e-002,
       -1.4733161517527105e+000, -2.5040916978586003e-001,
       5.2080670187574309e+000, 6.5639999155431686e-002,
       -1.4843711136545923e+000, -1.1965353094741071e+000,
       5.4405331121911011e+000, 5.9686248282111026e-002,
       3.0965896584566882e-001, -1.3042462485740036e-002,
       5.0317389410953712e+000, 5.4152670642894821e-002,
       -8.9137940640933289e-001, -1.8116589385054862e+000,
       5.6206253520894727e+000, 5.2558795074759142e-002,
       -7.0554161724566522e-001, -1.4387619013631636e+000,
       5.3731980113248436e+000, 6.2979238770562163e-002,
       -6.0967336371641012e-001, -1.3191859442536402e+000,
       5.4015865701906964e+000, 6.2551717697839196e-002,
       7.1756196124814320e-001, -9.0949306273166097e-001,
       5.1037277029733676e+000, 4.8962400292725757e-002,
       -1.3434838611132105e+000, -1.1353703066272522e+000,
       5.4362886666641401e+000, 6.0592975095487070e-002,
       2.2157846247955573e-001, -1.7577142377496804e+000,
       5.6814361267455560e+000, 6.7488980615688698e-002,
       -4.1426793347283553e-001, -1.2646651508627912e-001,
       5.1695860952557720e+000, 5.8619174780017394e-002,
       -1.4273580940090225e+000, 2.0277998787978974e-001,
       4.9294567653219961e+000, 6.5235245142705317e-002,
       -4.8970431866972514e-001, -1.2587892091614856e+000,
       5.3508072731409380e+000, 6.2696245486379878e-002,
       -1.2630285321922177e+000, -1.0745341445348428e-001,
       5.1472179903622832e+000, 6.6924027564519983e-002,
       -5.4095991418965295e-001, -1.2712755011657195e-001,
       5.1679454614684746e+000, 6.0433680160207968e-002,
       -1.1049217468169121e+000, -1.0436151457304272e+000,
       5.3970679638700556e+000, 5.9137343560131922e-002,
       -1.3930905403337837e+000, -3.6143131034129450e-001,
       5.2145278440239231e+000, 6.3894285795236636e-002,
       -2.2503954546013941e-001, -7.9006508955823812e-002,
       5.1442643115507396e+000, 5.8007590156941319e-002,
       -1.9444850720585075e-001, -6.5283637100452308e-001,
       5.2491254142863912e+000, 6.1459050296294830e-002,
       -6.8242449128778659e-001, 2.2247975909492731e-002,
       4.6792638697914271e+000, 5.6397310877956006e-002,
       7.2345853943493443e-001, -1.6012701045192350e+000,
       5.2886985776493702e+000, 7.5576628282139444e-002,
       -1.1609950372052582e+000, -3.4775718378313153e-001,
       5.1761959564165281e+000, 6.5419110715298628e-002,
       -7.5806209603911190e-001, -3.9320707190286164e-001,
       5.2184716289158732e+000, 6.3502791014282078e-002,
       -1.6218485208466249e+000, 2.0918427897173625e-001,
       5.2284193274271287e+000, 8.3348140446668370e-002,
       2.0307030268396331e-001, -9.1049230173302909e-001,
       5.2053480614734084e+000, 6.3703822254802922e-002,
       -2.5675056204676245e+000, -1.7914032189672833e+000,
       6.3814824212984504e+000, 6.2844470329777288e-002,
       -1.3856087749236199e+000, 1.1714569010185424e-001,
       5.0093058741116225e+000, 6.7435604897706850e-002,
       -7.5732516863508759e-001, -1.9931252606140454e-001,
       5.1808158796039105e+000, 6.3139493553870635e-002,
       6.0014632545258229e-001, -1.0570380815211513e+000,
       5.1883650040616747e+000, 5.3357583005085051e-002,
       3.0437455985693657e-001, -8.3457969325053472e-001,
       5.2020068636479344e+000, 5.9331319508852856e-002,
       -1.2010356972447238e+000, -1.6578482585787654e-001,
       5.1272686393537494e+000, 6.8374502918724170e-002,
       4.3864363712654142e-001, -1.3994692914221742e+000,
       5.3224059700186608e+000, 6.2299557597234025e-002,
       -2.2325910893764706e-001, -1.0380382947308038e-001,
       5.2092492857571937e+000, 5.6816061106480006e-002,
       4.0803483449622552e-001, -1.3406704243806611e+000,
       5.2985006834871049e+000, 6.2962701524573769e-002,
       -8.2116224290278805e-001, -1.3251571680476848e+000,
       5.3691084386323817e+000, 6.4590687347220052e-002,
       -1.2575910939518486e+000, -4.8944912112855354e-001,
       5.2278073081747554e+000, 5.9473832723270330e-002,
       2.7025076882844967e-001, -2.7137850712686284e-001,
       5.1269658887093081e+000, 5.2456152465417967e-002,
       -1.7167192563784395e+000, 2.1783517891027351e-001,
       5.0364874992717485e+000, 6.8375460307155494e-002,
       -1.1978038784985139e+000, 1.7010852765822315e-001,
       4.1377210807683937e+000, 5.4921544508058716e-002,
       -5.4347271120743793e-002, -9.8071708896536866e-002,
       5.0032104123482490e+000, 5.4625603223006636e-002,
       -2.1832525693113221e+000, -1.5077634124499177e+000,
       5.6707459867903962e+000, 3.9813158485268611e-002,
       -1.2146739411625089e+000, -1.1498970980292635e+000,
       5.5107431017405748e+000, 5.5399542455539463e-002,
       -7.8665853986391587e-001, -1.2418104668320122e+000,
       5.3691673179544317e+000, 6.1714843823291038e-002,
       -4.2263046468924914e-001, 1.9670120644699987e-002,
       5.1857599778336994e+000, 5.4425915013313363e-002,
       -3.0178109080090343e-001, -1.3882809156884568e-001,
       5.1549941755572783e+000, 5.9025134619059595e-002,
       -1.7725149274543675e+000, -1.5872180004079672e+000,
       5.4902018732421833e+000, 5.2317664370086024e-002,
       -6.1217076177160323e-001, -4.1991885434367848e-001,
       5.2335937203192859e+000, 6.0697931960566692e-002,
       -1.1231666983675250e+000, -3.4112457854226319e-001,
       5.2403069560276982e+000, 8.9629621238838775e-002,
       -1.4794423636446099e+000, -1.5431662959687495e-002,
       5.0599273691428959e+000, 6.6681914355125702e-002,
       -1.8374894220446083e+000, -7.6111489484990996e-002,
       5.0645229093005835e+000, 7.3325735460201477e-002,
       2.6276037970234900e-001, -1.1476020068173467e+000,
       5.2215733913455846e+000, 6.4340980073171447e-002,
       -8.3652900176572365e-001, -3.0908747175052242e-001,
       5.2280413060802600e+000, 5.7446420901566694e-002,
       3.1257035101972974e-001, -1.2195929069143627e+000,
       5.2485249065892310e+000, 5.9996906694571688e-002,
       7.5196190426448273e-001, -1.0350985755631310e+000,
       5.1065055859644195e+000, 6.8013193331936270e-002,
       -1.9730982424685062e+000, -1.3588158752745008e+000,
       5.1270464923470582e+000, 2.7484879753352742e-002,
       -2.1395903362031206e+000, -1.4758615825606989e+000,
       5.5583409726262110e+000, 3.5112806323076243e-002,
       -1.8599462446184587e+000, -8.1238763121035715e-002,
       5.1241046575317837e+000, 8.2757549130535596e-002,
       2.5445264284581087e-001, -1.4928057698207762e+000,
       4.8416891356449341e+000, 5.3644555205075099e-002,
       -1.9357555475450186e+000, -4.0467024548980851e-002,
       5.0740214163105124e+000, 5.2875172760110764e-002,
       4.6890971971037448e-002, 2.8348132696508949e-002,
       5.0501971935348235e+000, 5.7313917207910688e-002,
       -1.3870284072916741e+000, -1.5316065805743286e+000,
       5.5200914415815916e+000, 6.0320151278713291e-002,
       -1.2211307093163675e+000, -1.5325380590649966e+000,
       5.5419131090399203e+000, 6.1178846957007621e-002,
       -1.3233515569994592e+000, 1.2743396737552751e-001,
       5.0976472335370380e+000, 6.9050916491949374e-002,
       -1.8313579198529792e+000, -8.6458881470733523e-002,
       5.0417005925016642e+000, 9.4660851766591600e-002,
       3.2336505546765010e-001, -4.3450834099017466e-001,
       5.1828049281748187e+000, 5.3843986074080905e-002,
       4.5633540985806986e-001, -3.9728293196269426e-001,
       5.1222274577983882e+000, 5.5558254944091973e-002,
       -5.8918646600601365e-001, -4.7683214298803184e-001,
       5.2710388080520474e+000, 5.9917710383311777e-002,
       2.3327598917955050e-001, -4.6143466731458738e-001,
       5.2089209889980239e+000, 4.2636410345348909e-002,
       7.5024949218173753e-001, -1.0376006212613460e+000,
       5.0983510054913488e+000, 7.6132253392807533e-002,
       -2.4536195915363349e-001, -2.2087190625733641e-001,
       5.1500055975554222e+000, 5.7506633291430985e-002,
       -6.9477843421775121e-001, -6.5776459184701985e-001,
       5.3208481422145661e+000, 6.0438349671929743e-002,
       -1.8354838207114050e+000, -4.8220667385081420e-002,
       5.0485044186888466e+000, 7.3802453643736068e-002,
       3.2243050349447072e-001, -1.4003795701400374e+000,
       5.3134876868502436e+000, 6.5992009298740800e-002,
       -1.0230418459091108e+000, 4.8697489382279924e-001,
       5.1217321546953229e+000, 8.5637305181346310e-002,
       -4.6758862414775160e-001, -4.8467483402390418e-002,
       5.1169085450911194e+000, 6.3572512478336743e-002,
       -7.4243500968932086e-001, -8.4812479253082218e-001,
       5.2980684559537110e+000, 6.5194020583959136e-002,
       7.1787943913985308e-001, -1.7788034191791169e+000,
       5.3789706150583161e+000, 5.6277618942067356e-002,
       7.1055355483878158e-001, -1.6941224291736585e+000,
       5.3128022424016788e+000, 7.6425907126256909e-002,
       -1.0661862456889953e-001, -4.8092737435603528e-001,
       5.2409708065441292e+000, 5.9214455528035656e-002,
       5.2480195734590351e-001, -5.1908082938830691e-001,
       5.1831668175182362e+000, 7.1891684390469890e-002,
       -2.4139538852625959e+000, -1.6737341839393178e+000,
       6.0067954223052826e+000, 3.4950273293533202e-002,
       -6.0372593316959744e-001, -1.3206641149251919e+000,
       5.3819033998499854e+000, 6.5537803201959260e-002,
       -1.6285351890275201e+000, -1.5959832840704229e-002,
       5.2122935975011515e+000, 6.9602800165671372e-002,
       -1.5469487217066111e+000, -4.0180763439851452e-001,
       5.2208550048281488e+000, 6.7283754271856372e-002,
       -1.0869478508092709e+000, -1.3806118071051312e+000,
       5.4412973772221971e+000, 6.3811598366221176e-002,
       -1.5589720011153376e+000, -5.9966301326672899e-001,
       5.2648800191721712e+000, 6.3542291662958522e-002,
       -9.0092640618284237e-001, -1.0286360527723377e+000,
       5.3278002190422811e+000, 6.0659185814599850e-002,
       -4.8829007768159649e-001, -9.2938201191059278e-002,
       5.1859073943408358e+000, 5.7322613465740205e-002,
       -2.4397682759759887e-001, 1.7513671582250090e+000,
       -5.2957823640479127e+000, 5.6587969967352783e-002,
       -1.5420720862101667e+000, -5.1191357429976092e-001,
       5.2435903908834165e+000, 6.1933502891476082e-002,
       4.1295029939541439e-001, -1.0903134762099278e+000,
       5.2458053442176382e+000, 5.9870756857392030e-002,
       -8.3406848942483802e-001, -3.9421563590201447e-001,
       5.2735938744833168e+000, 6.0639907248172621e-002,
       -7.8234911919200356e-001, -1.2312365095095399e+000,
       5.3797821591682258e+000, 6.3120255835014571e-002,
       -1.8520095527045510e-001, -1.0620801463361544e+000,
       5.2634538740978147e+000, 8.9166532097114323e-002,
       -7.6087508498183731e-001, -8.4884888636122882e-002,
       5.1784386706345700e+000, 6.1227735841957072e-002,
       -9.7269773552587213e-001, 2.4335922788022735e-001,
       5.1072951565994380e+000, 6.4837817187384822e-002,
       2.2523986509963920e-001, -1.7857622859422335e+000,
       5.7741960268743382e+000, 6.7342929602426424e-002,
       -1.2732381865414295e+000, -1.7852396356718689e+000,
       5.5892861539637497e+000, 6.1568558124094806e-002,
       -1.6130623940498829e+000, -5.1067156088637966e-001,
       5.2388329286998019e+000, 6.0558975487956759e-002,
       2.7121190028839304e-001, -1.3972463907067145e+000,
       5.3278201218749324e+000, 6.5061587831775319e-002,
       2.7946476746354554e-001, -1.3265808755574582e+000,
       5.2787155971766335e+000, 6.8171035951084147e-002,
       -3.6114826018343960e-001, -1.1736425975902871e+000,
       5.2978973201850970e+000, 6.8394271388318689e-002,
       -1.3714459934935879e+000, -1.7497866444233801e-001,
       5.1918365321389413e+000, 6.1043929520009907e-002,
       -1.3879056298371311e+000, -2.5350154577568396e-001,
       5.2355989063108561e+000, 6.6934714537587633e-002,
       9.1143071775152784e-001, -1.3795924296786515e+000,
       5.3051968312028022e+000, 6.9376800012758894e-002,
       -1.7954724525005652e+000, -1.6751021445849568e+000,
       5.5258024647949782e+000, 5.9487010910595710e-002,
       1.0378247054365781e+000, -1.2038634015985357e+000,
       5.2869056145609807e+000, 6.0748678385617060e-002,
       -7.2851326976241304e-001, -1.2107524068671025e+000,
       5.3648499968586432e+000, 6.6078738913833424e-002,
       -5.3417892458987171e-001, -9.1450370639746492e-001,
       5.3131520762326048e+000, 6.2113208031771318e-002,
       6.0246857839144319e-001, -1.0556323586521852e+000,
       5.2050928656541338e+000, 4.4046484675975037e-002,
       -1.6470011443506163e+000, -4.6749397315147390e-001,
       5.2427520546522004e+000, 5.3053496890886155e-002,
       -1.8771221908745135e+000, -1.7832860911976725e+000,
       5.6201680345103604e+000, 7.1711896364708552e-002,
       -1.5553303771703413e+000, -1.6577307429560135e+000,
       5.5605965702732227e+000, 6.0171979579494800e-002,
       -6.6299449024263257e-001, -1.1692434685706519e+000,
       5.3414179206298904e+000, 5.7008499273285350e-002,
       -1.2039972326795518e+000, -3.1337709071703490e-001,
       5.1697840865783515e+000, 6.3782940667517857e-002,
       -1.2659593581006470e+000, -3.4670220161462005e-002,
       5.1812935915273801e+000, 6.3175912454289967e-002,
       -3.5674669584476565e-001, -2.1262213851571546e-001,
       5.1545187131239727e+000, 5.9824405792060033e-002,
       -7.3816550019258109e-001, -5.3761820474361666e-001,
       5.2801879354323775e+000, 6.4704732414656560e-002,
       -2.6266938825514002e-001, -5.6707593665206790e-001,
       5.2459697350665220e+000, 6.0107061995540181e-002,
       -1.5715631807591643e+000, -1.1220903373379634e-002,
       5.0321816764502820e+000, 5.8746447116872866e-002,
       -1.8414539476583438e+000, -1.2656563461678517e-002,
       5.0608199430909311e+000, 5.9840532303156321e-002,
       -1.4822983444206588e+000, -3.7998851035164749e-001,
       5.2289119511726216e+000, 6.3071575213735950e-002,
       -1.6375914288032326e-001, -5.4157812756160023e-002,
       5.4726866051065883e+000, 6.2495945077796995e-002,
       4.1465981837875360e-001, -1.2806265778945365e+000,
       5.2742069832522827e+000, 6.7891015586132183e-002,
       -4.9892215155844555e-001, -1.5234717075452009e+000,
       5.4258143735509261e+000, 6.9110812729504020e-002,
       3.2507904607858384e-001, -1.0904647499405571e+000,
       5.2332749411742032e+000, 5.7990529768743838e-002,
       -1.6198797276738517e+000, 2.6537397757515951e-001,
       5.0902766540526594e+000, 6.8696750073138912e-002,
       -1.9581538164828194e-001, -3.5757943072670778e-001,
       5.1579898054591311e+000, 6.1633210118243173e-002,
       -6.2139474672710582e-001, -6.4480491439272303e-001,
       5.2975207349345563e+000, 6.4922921756361024e-002,
       -9.6170694359294562e-001, -1.2583006594326123e+000,
       5.3154913368545014e+000, 7.8186280726759524e-002,
       -3.4149566164830231e-001, -7.9521630516291841e-001,
       5.2775361227703579e+000, 6.3124301903970476e-002,
       2.6068106369943134e-001, -9.6538485474724411e-001,
       5.2310736232099639e+000, 6.2276521936028707e-002,
       8.0581760782588463e-001, -5.3504112945681170e-001,
       5.0760342428681069e+000, 4.9341385204177371e-002,
       9.6911632453005214e-002, -5.7554284324641561e-002,
       5.0551343037971517e+000, 5.7689470018352625e-002,
       -4.0690079489662700e-001, -1.6705282876447380e+000,
       5.5376852148225861e+000, 6.1789900203834333e-002,
       -6.2818245285226326e-001, -1.5988016129156648e+000,
       5.5264270002434301e+000, 6.5262299687721625e-002,
       -3.9473272141053628e-001, -5.2399871301338352e-001,
       5.2625968831272534e+000, 6.2291737795748127e-002,
       -1.9788127231307693e+000, -9.5173516224754873e-001,
       5.2780700072088953e+000, 6.1411189494336153e-002,
       -1.2789489261495577e+000, -3.0549974690763715e-001,
       5.2532804278831602e+000, 5.7779038033915590e-002,
       -2.5215577253071564e-001, -5.8321450621251569e-001,
       5.2487019902956762e+000, 6.2208213889313808e-002,
       -1.0227840098804246e+000, 3.0587560245705625e-001,
       5.0172539501159497e+000, 7.4807516285597009e-002,
       -4.7535008715663474e-001, -1.0252524991945344e-001,
       5.1829509179595821e+000, 5.9805221814017449e-002,
       -1.3813554911773878e+000, -1.5477494422200000e+000,
       5.5417709307094469e+000, 6.3524667145192670e-002,
       -1.4710139288657764e+000, -6.5065991458624084e-001,
       5.3171173196704729e+000, 7.2558108452841538e-002,
       8.1688305215287838e-001, -1.2997286696273818e+000,
       5.2753683646949350e+000, 5.8422904898594447e-002,
       -2.1863980932532021e+000, -2.4644324434772766e-001,
       5.1537454196051531e+000, 7.0071283979644600e-002,
       -1.5472078855849623e+000, -1.9345338058707467e-001,
       5.1716018060515827e+000, 6.6554172049861540e-002,
       -1.5458829754640155e+000, -3.2998247414815224e-001,
       5.1960477494111394e+000, 6.8725037909346601e-002,
       -4.4538152439000223e-001, -1.7985496166559001e+000,
       5.5715785544215066e+000, 6.7028258815522657e-002,
       -1.3569802771179176e+000, -1.1531800262899523e+000,
       5.4409713471588610e+000, 6.0224611942574988e-002,
       -1.4264361995429886e+000, -3.0371827961765852e-001,
       5.1866662489191047e+000, 6.5721009913365630e-002,
       -1.6834909611821680e+000, -4.4277649137019603e-001,
       5.2057856982333952e+000, 6.5692445551215145e-002,
       -1.2320916690968355e+000, -8.6450347567749797e-001,
       5.3501213412464601e+000, 6.4730555950127666e-002,
       -1.1967094366400999e+000, 3.2164008020781956e+000,
       1.7338761201758579e+001, 2.3041082521146003e-001,
       -4.5028766966302991e-001, -6.8727518301697599e-001,
       5.2771017108735334e+000, 6.3542042570171445e-002,
       -1.2342020261240676e+000, -8.9806134560817541e-001,
       5.3346926168091198e+000, 6.7842642134458356e-002,
       -1.5495500678068193e+000, -1.1634274565835566e-002,
       4.9615326650950742e+000, 5.9067524501662305e-002,
       -9.4817163617538114e-001, 1.7555533022487918e-001,
       5.1130268841388595e+000, 6.2415613177802941e-002,
       -1.9080995088892916e+000, -1.2668123013443262e+000,
       5.3811409581756253e+000, 5.3133970609229378e-002,
       -1.9037439658715063e+000, -1.3098416361824556e+000,
       4.9474261017327379e+000, 2.3867505761236443e-002,
       2.2715637548580220e-001, 1.7130666043853077e-001,
       4.9780616440544456e+000, 5.6055778775579691e-002,
       9.7862570879066890e-001, -1.2035769278847843e+000,
       5.2565268668013170e+000, 6.2482570565926654e-002,
       4.8439439420723068e-001, -1.7142368124421830e+000,
       5.1988927540194290e+000, 7.5996624818310071e-002,
       -9.1181705952943493e-001, -7.0858864724972159e-001,
       5.2421688303644736e+000, 5.9308289402149411e-002,
       -1.3796821773230878e+000, -1.3409679227922542e+000,
       5.4715403235712063e+000, 6.4049863802865856e-002,
       9.5361973668481614e-001, -8.3489419020720135e-001,
       5.1901415070928811e+000, 5.6111080063736177e-002,
       -1.8340401744729888e+000, 9.4726138445383329e-003,
       5.0204925465066745e+000, 7.5718301415563349e-002,
       -9.0910541273304624e-001, -1.6362910057378390e+000,
       5.5592058086301233e+000, 7.1789385619653881e-002,
       3.3554103178289635e-001, -2.6049892984622893e+000,
       8.5346252396044662e+000, 3.3301446127983317e-002,
       -1.9858469960265890e-001, -9.4903847983660361e-002,
       4.6302569133283171e+000, 5.5782550932592233e-002,
       -1.1721768817517388e+000, -1.1116592267846297e+000,
       5.3164798477041169e+000, 5.7969044098011999e-002,
       2.3686355852019297e-001, -1.4878731832477985e+000,
       4.8042698932250154e+000, 6.0191774123794943e-002,
       2.9316305494497535e-001, 4.8253473150939238e-002,
       5.0362116876651299e+000, 5.4432134632376394e-002,
       -6.3357969134149716e-001, -1.0625830188245540e+000,
       5.3295582428421469e+000, 6.0279281096343278e-002,
       9.0791954219700488e-001, -1.3801657611534348e+000,
       5.2880565188842770e+000, 7.8997578303913546e-002,
       -2.7377473811290463e+000, -2.2702430834385159e+000,
       -9.1189929494478275e+000, 1.3339221329904166e-001,
       -2.9274973184078779e-001, -2.6818246014444219e-001,
       5.1878779965622472e+000, 6.1990785442511083e-002,
       -1.9416672530939041e-001, -1.7200012787305634e+000,
       5.4204093409550165e+000, 6.1568271426560787e-002,
       2.9446952437605267e-001, -9.7425756311043665e-001,
       5.2194662905618667e+000, 8.2274193969308698e-002,
       3.0048932867734013e-001, -1.4183180583511543e+000,
       5.3958580343704261e+000, 6.7372071092576521e-002,
       -6.9854767539209517e-001, -1.3092437493821194e+000,
       5.3848969638368116e+000, 6.2417541070051853e-002,
       8.2348170726172898e-001, -4.9928484830860587e-001,
       5.0756715704571782e+000, 4.8556053663271828e-002,
       -1.8827232923371189e+000, -1.5747806849885557e-001,
       5.2194151159163704e+000, 8.6710606114607111e-002,
       -1.5366537226631392e+000, 1.3412495415772183e-001,
       5.1163680991103035e+000, 7.0836762464965342e-002,
       -1.9338681541984626e+000, -2.3913551796652150e+000,
       -9.2328396776415076e+000, 1.3727295479609666e-001,
       -1.2662144180425914e+000, 1.6820375921206163e-001,
       4.0859734732799424e+000, 5.5520003250248084e-002,
       -6.9486570432817774e-001, -1.3291993291022847e-001,
       5.2127474378867245e+000, 5.5639574328158012e-002,
       -1.4338101778748902e+000, -1.6637269982021921e+000,
       5.5545900073900540e+000, 6.1650785830900119e-002,
       -1.4088296670824054e+000, -5.0990878594614475e-001,
       5.2511314176540438e+000, 6.3123659302459834e-002,
       -6.7942779947886112e-001, 1.6687436556420474e-001,
       5.1798286788896277e+000, 5.6493838397392589e-002,
       6.1649396615132286e+000, 6.1289817886238873e-001,
       1.7963228581060317e+001, 1.5298357881019928e-001,
       -1.5443730946454530e+000, -6.2581881738608347e-001,
       5.2888061742640016e+000, 6.4565826086549663e-002,
       -9.8041425743171140e-001, -1.0510829413280911e+000,
       5.3489496748678942e+000, 5.7418405783814165e-002,
       -1.0939532673484795e-001, -3.1422832799264455e-001,
       5.2027983058456240e+000, 5.7607331065476615e-002,
       3.3953701804995767e-001, -2.0160344626117005e-001,
       5.1150737249784726e+000, 4.9735875932606456e-002,
       5.2410775671871868e+000, 4.4187398818611534e+000,
       1.7554411661488530e+001, 1.6326503797272976e-001,
       -1.9781834038786716e-001, -7.6064397473446566e-001,
       5.1931506033339510e+000, 6.1618601225094875e-002,
       -1.6807695677087436e-001, 1.2679378730245058e-001,
       5.1447041947422765e+000, 8.8468413212799316e-002,
       -1.3615076073582726e+000, -8.3256345453233482e-001,
       5.3371964156061429e+000, 6.0947152201291779e-002,
       -3.5064229796952312e-002, -7.9249471460329346e-001,
       5.2416853018571841e+000, 5.0360243226479987e-002,
       -1.4511941139694887e-001, -2.4988071483456298e-001,
       5.0129984333291455e+000, 5.2485270623476202e-002,
       -9.9193238074288237e-001, 8.6351738705425585e-001,
       4.8793930950451809e+000, 6.5903301306281720e-002,
       -1.4813935055782976e+000, -1.7815739301833160e+000,
       5.5823616857009277e+000, 6.0441435784029746e-002,
       -2.2845630892010321e-001, -1.1056834177536043e-001,
       5.3152337518056214e+000, 6.7343782654810350e-002,
       -1.4809742678419431e+000, -1.5419697799365450e+000,
       5.4978658173608510e+000, 6.4896043649588009e-002,
       1.0253999692276732e+000, -1.3992552314224884e+000,
       5.3024989767236761e+000, 6.2199484682848354e-002,
       -6.2551880752577582e-001, -1.1156387515153030e+000,
       5.3478854153371334e+000, 5.6389187646536568e-002,
       3.6305757467270316e-001, 9.3374172637981179e-001,
       4.7749550972638328e+000, 3.8611086056863003e-002,
       -2.3775213374285133e+000, -1.4563645418678763e+000,
       -9.5907208920023521e+000, 1.3171563599685177e-001,
       -1.3768185576792851e+000, -1.7892933076553525e+000,
       5.5876770328137209e+000, 5.9560978135641228e-002,
       6.3819452851938452e-001, -1.2612916433256665e+000,
       5.2642775850260595e+000, 8.4514299464130901e-002,
       8.2132514891747266e-001, 9.9279428599231845e-001,
       4.6557820776730665e+000, 3.4169093039166439e-002,
       -1.7048223185461076e+000, -7.3079062324839805e-001,
       5.3367240726556826e+000, 6.4925459335728769e-002,
       -1.7672126482408945e+000, 3.1321796753581398e-002,
       5.1094779194341697e+000, 7.2081606771993476e-002,
       -1.4596825937540110e+000, -1.5167881142523140e-002,
       4.9924852225128795e+000, 6.5671340300822001e-002,
       4.8541102443792783e-002, -3.4293639861766306e-001,
       5.0919192644777631e+000, 6.0803565106779783e-002,
       7.0224480253529165e-001, -5.2176076477964073e-001,
       5.2543020191147596e+000, 8.9391456195467386e-002,
       3.2340577715314439e-001, 1.0429634725299430e+000,
       4.7447023023664636e+000, 3.8124139347377142e-002,
       1.0272983251749728e+000, -7.6947464763273143e-001,
       5.1423093823614643e+000, 5.6102629001617700e-002,
       3.2150078857529696e-001, -1.2690558016128572e+000,
       5.2900815502106511e+000, 6.0757462924171092e-002,
       6.4434288852358570e+000, 6.4017570764462439e-001,
       1.8777171996618950e+001, 1.6116500967693040e-001,
       -6.0991020244654159e-001, -9.4900348950574775e-001,
       5.3109674439824781e+000, 6.5317040671778265e-002,
       -2.4061380429161774e-001, 9.9120749037238970e-002,
       5.1893096099199756e+000, 6.3215371870943587e-002,
       -1.4096577400707277e+000, -1.4219336933118699e-003,
       5.3285332741367002e+000, 6.0263870945319820e-002,
       -3.5996508409444004e+000, -1.4381394734522761e+000,
       -9.4411760432172542e+000, 1.0471210189155122e-001,
       5.6498243719918024e+000, 1.9974974300213706e+000,
       1.7976840316083806e+001, 1.4887346698479001e-001,
       1.3828220074505493e+000, 3.5878359230176526e+000,
       1.8607112091747695e+001, 2.5926495473170641e-001,
       -1.2703292256744172e+000, -3.6703864066802239e-001,
       5.2145768347546646e+000, 6.4317940769453033e-002,
       4.3087510202463297e-001, -2.1618675724843337e+000,
       6.5993088242284488e+000, 6.9719197124192181e-002,
       -1.6892490549509365e+000, -2.3196582656057357e-001,
       5.1982590747420225e+000, 6.4157835451952860e-002,
       9.8935662765476051e-001, -9.8718551424034118e-001,
       5.1569505161634535e+000, 6.3913491985078244e-002,
       -3.4511235066582087e+000, -2.2192611301999214e+000,
       -9.0985646057841976e+000, 1.2160476820240583e-001,
       -9.5992706637353084e-002, -1.4233158867204407e-001,
       5.1284916347714447e+000, 5.4668166936966092e-002,
       5.6611175048737410e+000, -9.2547739333372181e-002,
       1.8183530028975476e+001, 1.6982868694590791e-001,
       -1.6065193691742665e+000, -1.5389569843344846e+000,
       5.5042258476418011e+000, 6.3897140536509009e-002,
       -2.0962525235221490e+000, -8.6855756642340121e-001,
       -9.9624241077174389e+000, 1.2652190321340234e-001,
       -1.6582453282794094e+000, -6.4014876103720963e-001,
       5.2884082168568156e+000, 6.4016817222232181e-002,
       -1.5689916457456565e-001, 2.5609056943384600e-001,
       5.0389999749493892e+000, 4.7970427503047079e-002,
       -1.5291840914319490e+000, -1.2343834330963452e+000,
       5.4536085634766813e+000, 6.1455527907056259e-002,
       5.9756914628244369e+000, 2.0087186708925255e+000,
       1.8068329560575638e+001, 1.5904623562314490e-001,
       -5.8195553374749631e-001, -1.2260102783692393e+000,
       5.3561371811541889e+000, 6.5938074824017520e-002,
       -2.7436386557616856e+000, -1.2345504464859918e+000,
       -9.6947771810410668e+000, 1.1281172525415654e-001,
       4.7294710980993866e+000, -4.6867383440268584e-002,
       1.7714397817367541e+001, 1.6931159087352951e-001,
       -1.2088958881952019e+000, -6.1491488840372965e-001,
       5.2917719920318733e+000, 6.7061053158656111e-002,
       7.6661603948087120e-001, -4.7318632637894603e-001,
       5.1175226873151480e+000, 5.3113970977289843e-002,
       -1.5734110674306085e+000, -1.5277575131641865e+000,
       5.5278256420766425e+000, 6.3264714090305568e-002,
       -2.4378993103615865e-001, -3.1574061184019780e-001,
       5.1926616742108553e+000, 6.0513817733417831e-002,
       4.8711468133703051e-001, 9.6126759582829191e-001,
       4.7306828228004560e+000, 3.6939197466898194e-002,
       -1.9217919492266158e+000, 9.7520145224671395e-002,
       5.0199693695307221e+000, 6.6559764816882333e-002,
       -1.1187659635262637e+000, -5.0032397276071772e-001,
       -3.9582919995279688e+000, 5.3239968731422976e-002,
       5.6175037134956018e-001, 1.7743105673103732e-001,
       4.9497018536293034e+000, 4.4938324148710435e-002,
       -8.3000020460240531e-001, -4.7832638540232253e-001,
       5.2680996198332153e+000, 6.3055437169897116e-002,
       -1.6888508023774222e+000, -1.5995579488407463e+000,
       7.6560650951622424e+000, 8.1072418494603352e-002,
       -2.2773274596482329e+000, -1.4148700899180453e+000,
       -9.6499928192281565e+000, 1.3644797913637374e-001,
       -7.2210900806755729e-001, -9.4570315425558238e-001,
       5.3165741481606634e+000, 6.2898011605868887e-002,
       8.7084149849011938e-001, -1.5872109673804455e+000,
       5.3215925737221728e+000, 6.0355490619260620e-002,
       -1.1028051392999945e+000, -6.6242370901026781e-001,
       5.2538213070731539e+000, 6.5972391666559133e-002,
       -6.4905230085904775e-001, -1.0957129633335194e+000,
       5.3429512182111250e+000, 6.3029776820885078e-002,
       -1.0732222292777580e-001, -5.8982674690441816e-001,
       5.2674775197412123e+000, 6.0499065526966808e-002,
       -1.3907472986880736e+000, 3.4697319213233091e-001,
       5.0372534738610275e+000, 6.6768588859484043e-002,
       2.0427539842858994e-001, 1.0707357090083982e+000,
       4.7596737132343243e+000, 3.9375020252123728e-002,
       -2.6572820902365555e+000, -2.1752613245261241e+000,
       -9.3098825887837400e+000, 1.3038078015022520e-001,
       -5.9155172942825973e-001, -1.8672522554493648e-001,
       5.1632532778338227e+000, 6.5605802770484653e-002,
       -1.5354751677354319e+000, -1.4938427493018240e+000,
       5.5096911379330678e+000, 6.0558396225441659e-002,
       -1.6204909901158784e+000, -4.1707645569987023e-001,
       5.2116389426506871e+000, 6.8901104467098073e-002,
       -1.2324291119986404e+000, -1.5566374243756589e+000,
       5.5358937649587165e+000, 5.9696904733775966e-002,
       4.4419533455603422e-001, 7.4110074226821288e-001,
       4.8083812216929287e+000, 3.8452411485874034e-002,
       -8.8219292179243713e-001, -1.0146616827465591e+000,
       5.3327245973503183e+000, 6.1631443860712246e-002,
       2.9210523825059787e-001, 4.4367304113773529e-002,
       5.0261090823390564e+000, 6.1945308102954379e-002,
       8.0926708608711051e-001, -1.5011036737318642e+000,
       7.8136764413899638e+000, 1.2821513265072226e-001,
       -3.8208585536257428e-001, -5.2147563706912448e-001,
       5.2509271326347742e+000, 6.0790284967713819e-002,
       9.1221235738795614e-001, -1.1956634254433207e+000,
       5.2796999970510274e+000, 6.3123287048568510e-002,
       4.8339358425578832e-001, -7.8212243525323036e-002,
       5.0969375305649951e+000, 5.3280981200483774e-002,
       -1.5762780533339331e+000, -6.9669664655540686e-001,
       5.2872594576281813e+000, 6.8086099168270478e-002,
       -4.8111992102786261e-001, -1.5347646483194530e+000,
       5.5086636952994521e+000, 6.7228662369718251e-002,
       -1.4377515008816824e+000, -1.5252704552292506e+000,
       5.5134804772234460e+000, 6.8636490093103783e-002,
       -9.0337115508853283e-001, -6.6230465337252753e-001,
       -3.9454443939000101e+000, 6.2643890829918683e-002,
       1.5509008147596779e+000, 3.4167437276664794e+000,
       1.8316660381279974e+001, 2.2893381474424021e-001,
       -1.3460500323284439e+000, -3.6530150870648231e-003,
       5.0872489268225713e+000, 6.2145374531954248e-002,
       9.2023480177493644e-001, -1.6206301547925506e+000,
       7.9636552893878898e+000, 7.8457793238241202e-002,
       -1.0445701708487221e+000, 1.0639007375045431e+000,
       4.8375133736458977e+000, 6.7408949728653980e-002,
       5.9065057736086537e+000, -5.1237542323288376e-001,
       1.7709811979366393e+001, 1.3222743916116744e-001,
       6.0045811264975857e+000, -7.5086660661190152e-001,
       1.7923387456928214e+001, 1.5523291264891886e-001,
       -1.2342904254900522e+000, -8.3801439153544854e-001,
       5.3757851810339510e+000, 6.5721931893027885e-002,
       1.6889756502569614e-001, 1.9976159996938947e+000,
       1.8254134039559165e+001, 2.1580578985254453e-001,
       -2.2923776151542139e+000, 3.6306000293461587e+000,
       1.7211180226307100e+001, 2.4100368001576278e-001,
       1.0200972902048893e+000, -8.0448173163040271e-001,
       5.1599995450985325e+000, 6.0425296124728252e-002,
       2.1913505843440023e-001, -1.7473603626973619e+000,
       5.6335019633218817e+000, 7.5557155347354174e-002,
       -4.1069648211686494e-001, -3.7787819501621978e-001,
       5.1899481967835213e+000, 5.7641437556620302e-002,
       7.0175065519065605e-001, -2.4404563416021383e-001,
       5.0295709879807164e+000, 4.9075812168296790e-002,
       -5.5260450001490258e-001, -2.6093827103927431e-001,
       5.2038288045720389e+000, 5.6994571529070059e-002,
       3.4289243808012646e+000, 2.4948228339148146e+000,
       1.7824092558591836e+001, 1.9054665704584833e-001,
       6.1105924205028241e+000, 2.4661811231880977e+000,
       1.7510621412519704e+001, 1.5214358971329486e-001,
       -3.4883753627461939e-001, -5.3818881063569635e-001,
       5.2462166910803880e+000, 6.1266016458021155e-002,
       -2.5163721653922675e+000, -1.4009380100313709e+000,
       -9.6421296121205522e+000, 1.2671256428978978e-001,
       -9.5524269995137834e-001, -1.0578460543496342e+000,
       5.3725986277329962e+000, 5.8133947384153326e-002,
       -1.2792718450564198e+000, -1.3477558129746845e+000,
       5.4844535523340614e+000, 6.6965793836976067e-002,
       9.0981198918793882e-001, -2.0032526590994360e-001,
       4.9624218484053202e+000, 4.9153213513936804e-002,
       7.8911669156231901e-001, -2.3282876369262168e-001,
       5.0345794684732663e+000, 5.2772299231268673e-002,
       -1.4007827525220979e+000, -1.1971403896839414e+000,
       5.4464424871109545e+000, 5.9854711533599253e-002,
       -1.2187602954948411e+000, -1.2310667618071214e+000,
       5.4213197607849217e+000, 6.1582750098646617e-002,
       5.6959676690108969e+000, 3.7699559075484967e-001,
       1.8006261071971245e+001, 1.4384119804596357e-001,
       -7.1589568097716072e-001, -3.5240639144934494e-001,
       5.2297106071546331e+000, 6.4285235095254009e-002,
       -2.0143376249166384e-001, -3.2580555457946181e-001,
       5.1907624942974486e+000, 5.8379281053102333e-002,
       -3.9274213633442445e-001, -1.2311937090098446e+000,
       5.3427569392301493e+000, 4.5917532772812943e-002,
       -5.1435000804521058e-001, -3.7485469737111149e-001,
       5.2348910132513602e+000, 5.8357343490766010e-002,
       7.6253352209031411e-001, -1.5104501758657580e+000,
       5.2264402251908111e+000, 8.4376428774734252e-002,
       6.3649575669913503e+000, -4.6474390093132278e+000,
       1.8670590178503932e+001, 1.6967688037017767e-001,
       -3.5203465415914588e+000, -1.2723063129204100e+000,
       -9.5923549292215853e+000, 8.9057877197626381e-002,
       -1.4132195776773022e+000, -1.1380134686304890e+000,
       5.4780619261981780e+000, 6.2571931749936124e-002,
       2.9609752404868339e-001, -1.9686494140649757e+000,
       6.0480494255165578e+000, 7.9943648486414887e-002,
       -4.1819584213299860e-001, 2.0673596549192119e-001,
       5.0975431976199879e+000, 5.7107157002878543e-002,
       -1.5006917958045776e+000, -1.3465398121362337e+000,
       5.4932415099141823e+000, 5.4741844331900075e-002,
       2.1491846059087469e-001, 1.0674445876028105e+000,
       4.7315085458784392e+000, 4.0046657676515149e-002,
       -1.9025990411433364e+000, -2.1714634942436550e-001,
       5.1047465959612035e+000, 6.7306807848016459e-002,
       8.9373267007479762e-001, -5.7708141271558366e-001,
       5.1534818346527036e+000, 5.2223037880973100e-002,
       3.8068821791389977e+000, 3.0320021159066934e+000,
       1.7849097277959377e+001, 1.8267239822571910e-001,
       -2.6686990307981580e+000, -1.9771702061592435e+000,
       -9.1368635977656734e+000, 1.2186703789323666e-001,
       9.6175208741124085e-001, 2.2828438296652731e+000,
       1.8656747661191581e+001, 2.1376489213900590e-001,
       1.1996538965797461e+000, 3.9072553778128931e+000,
       1.7956956461789414e+001, 2.2859160602987333e-001,
       -3.3283540616751193e+000, -1.2759478028517641e+000,
       -9.7172639216889607e+000, 1.0695075726980306e-001,
       -3.3551944560399960e+000, -2.3480844872108220e+000,
       -8.9701014277860374e+000, 1.2216529354062038e-001,
       -1.1062013407301541e-001, -6.4694093602521852e-001,
       5.2537390720423636e+000, 5.6606255868555680e-002,
       5.0565012299144776e+000, 1.7852909506148973e-001,
       1.8308495597153623e+001, 1.5395823526174468e-001,
       -1.1729556528958753e+000, 4.5077731540283650e-001,
       5.0253638241597827e+000, 6.2985534855936318e-002,
       3.1094245908707430e-001, 9.4047145524614051e-001,
       4.7486099072873369e+000, 3.7980374219587089e-002,
       -3.3642195581232319e+000, -1.3652262039050695e+000,
       -9.6173817134061590e+000, 1.1108392663675168e-001,
       -5.4785668608984772e-001, -1.2320443128732230e+000,
       -1.0187247261978662e+001, 1.4392652278017465e-001,
       3.2397093929640541e-001, 2.1625320438994333e-001,
       4.9759404907361624e+000, 5.2541808624923143e-002,
       1.1299042194454159e+000, -1.2703541969654375e+000,
       5.2763427408429582e+000, 5.9127152056236705e-002,
       8.6563294288842552e-001, 4.7925480358838080e+000,
       1.7499920582723814e+001, 2.4013534719296400e-001,
       -1.6744149993815876e+000, -1.3042835816824108e+000,
       5.4591833478203142e+000, 6.8190007824319235e-002,
       2.8925867953965911e-001, 4.7746941708532986e-001,
       4.9124876284780568e+000, 4.8950017528663133e-002,
       -8.1747634529976154e-001, -4.9828113054069101e-001,
       5.2515383064693015e+000, 6.3936350640630843e-002,
       4.3792987727068905e-001, -2.6413307768743488e-001,
       5.0996202853936801e+000, 4.8572197363776687e-002,
       -1.9639333216524499e+000, 1.0432166380986341e-001,
       5.1316363362577633e+000, 5.8713928641825161e-002,
       -6.0669460157413402e-001, 1.0684184574892566e+000,
       4.8449708924835022e+000, 5.4262757886089315e-002,
       -7.3517075708676671e-001, -1.2850899707654564e+000,
       5.4606697896737515e+000, 7.1750243748310710e-002,
       5.8750370417751316e-002, -4.1464772353527257e-001,
       5.1546821348920711e+000, 5.6319088410460037e-002,
       5.1491731220948447e+000, -7.0810253677891666e-001,
       1.8465343674078404e+001, 1.4379237772953690e-001,
       7.0005644114039942e+000, -6.2608386615415430e+000,
       1.9202810948610662e+001, 1.5597128052341735e-001,
       -1.6206618568801030e+000, -2.2514383407301048e+000,
       -9.4643054401022795e+000, 1.4793990588667161e-001,
       5.1145570748766360e+000, -5.0934022992667838e-001,
       1.8383544850914792e+001, 1.7628853954908960e-001,
       3.9946462711506618e+000, 1.0481348961687149e+000,
       1.8291563996466010e+001, 1.6570590287738005e-001,
       -1.7763463416678298e+000, -1.0931496719331291e+000,
       -9.9924061117481404e+000, 1.2731208905493799e-001,
       -8.8554556953187191e-001, -9.0996678978186396e-001,
       5.2975733130049250e+000, 6.0912733001673901e-002,
       -3.3688147291370940e-001, -1.3061741937167497e+000,
       -1.0225274621026166e+001, 1.4879873201469218e-001,
       -4.1500121073626595e-001, -1.6505505831225056e+000,
       5.5327957051344647e+000, 6.4637948313489443e-002,
       2.9983351816287768e-001, 4.4517921348762224e-001,
       4.9411562285861539e+000, 4.2151275124667036e-002,
       4.2205966364380725e+000, -2.5365373070547204e-001,
       1.8566067228831734e+001, 1.7252928261813721e-001,
       -3.0561125745934605e+000, -1.0605935417102945e+000,
       -9.6839989214761317e+000, 1.1047116857427193e-001,
       -4.3396002131645961e+000, 1.1542505790214704e-001,
       -9.9901764396290478e+000, 8.0512857195268892e-002,
       -3.7669186006802584e+000, -2.0462945732157021e+000,
       -9.0745385889207242e+000, 1.0784342153147158e-001,
       -2.8534037275688218e+000, -2.5440359222554374e+000,
       -8.9580778983264899e+000, 1.3182544602634347e-001,
       -9.4934915705421785e-002, -4.2313694655350298e-001,
       5.2942692293813032e+000, 5.3616834930126658e-002,
       -1.7310016008859190e+000, -1.2429996268363004e+000,
       -9.9926202946490168e+000, 1.2540141787783679e-001,
       6.3388024038589652e+000, -1.4475013308506657e+000,
       1.8234732128602573e+001, 1.8482525349698264e-001,
       -1.2802781714773743e+000, -1.5627925958450100e+000,
       5.5683482133471962e+000, 6.3250527322110658e-002,
       2.2891037500435710e-001, -1.4348813500589321e+000,
       4.6383966087380202e+000, 5.4985505811799229e-002,
       5.9065030115099382e-001, 9.0009165602517105e-001,
       4.7360275538254495e+000, 3.0915766656378307e-002,
       1.8094588301764569e-001, 2.0674392932971135e+000,
       1.8714185809470592e+001, 1.8017893752751871e-001,
       6.1349164907209786e-001, 1.0317507679882112e+000,
       4.6995743055125914e+000, 3.2199246567016150e-002,
       -1.3967219489189939e+000, 3.3254709912430584e+000,
       1.7369357943633538e+001, 2.3304591424310273e-001,
       6.1726515139060911e+000, 2.1768515447195527e+000,
       1.7275245905455421e+001, 1.6241479067250505e-001,
       1.0493291667980644e+000, -4.0919475570210570e-002,
       4.9006371676722580e+000, 4.5867376120174802e-002,
       -2.3908152735714389e-001, 9.8003321789726638e-001,
       4.8959141038464482e+000, 5.0506496972131915e-002,
       2.8539928630831085e-001, 1.0830141855068636e+000,
       4.7233171049284710e+000, 3.8336363041202894e-002,
       -2.1260430716228482e+000, -1.0488096838456311e+000,
       -1.0005977249873389e+001, 1.2272024328711749e-001,
       -2.4995411012751356e+000, -1.4080375765365436e+000,
       -9.6620832384089006e+000, 1.1620077579399773e-001,
       -1.3842123838859979e+000, -8.4026618094030892e-001,
       5.3317846117441476e+000, 6.4477131745229566e-002,
       4.2376586150145048e+000, -2.6604169880898165e-001,
       1.8307814040162334e+001, 1.7436402781833876e-001,
       5.1217652881533784e+000, 2.3462077775229355e+000,
       1.8182219846870765e+001, 1.5115730701657595e-001,
       7.3770209042012747e-001, 1.1784669681458158e+000,
       4.5834764012476406e+000, 2.9612385235492266e-002,
       -1.7012681227879123e+000, -1.2315826250538846e+000,
       -9.7334941114213720e+000, 1.1737781614592543e-001,
       -1.3017394163748679e+000, -7.7963191447997182e-001,
       5.3293312995972908e+000, 6.2597567277034027e-002,
       6.9785435571255650e-001, -9.9574435081248205e-002,
       5.0115528132821128e+000, 4.8799654088274934e-002,
       1.7006139262080611e-001, 4.5948892934443053e-001,
       4.9175517996731299e+000, 4.7659369724154514e-002,
       4.1470133805076852e+000, 2.6272503837493728e+000,
       1.7732548645041064e+001, 1.9894381574050446e-001,
       -1.2719215395189423e+000, -1.6927231781376445e-001,
       5.1779325013783977e+000, 6.4815811640465140e-002,
       1.1033703094141947e+000, -1.1321882855352368e+000,
       5.2515156819728874e+000, 6.0984490861514057e-002,
       8.2105200669281997e-001, -4.0568357223204132e-001,
       5.0960531667631370e+000, 4.8788041214348717e-002,
       -1.3034495984532195e+000, -4.9972706696871116e-001,
       -3.9013448779518534e+000, 5.4349165880029547e-002,
       -3.1651101786468523e+000, -1.2235440227458789e+000,
       -9.4635828663233053e+000, 1.0983668451478178e-001,
       -9.9552933979656877e-001, 2.3925016242247604e-001,
       5.2192364682283703e+000, 8.5315836834165756e-002,
       6.0043996954194796e+000, 2.3550840801169617e+000,
       1.8031846368105722e+001, 1.6360875185710819e-001,
       9.6204828902931222e-002, 1.0161281652600309e+000,
       4.7920586464454740e+000, 4.9922091675956494e-002,
       -1.6013558262461483e+000, -1.4371193289357560e+000,
       5.4792189659979318e+000, 7.0723798323905226e-002,
       4.9247699555313282e+000, 4.8388406855360024e+000,
       1.7606474694362433e+001, 1.7307235033843116e-001,
       -6.7240098096842471e-001, 2.4097319007007656e-001,
       5.0787539815430218e+000, 5.3932722954685479e-002,
       -1.5442237519303066e+000, -1.5634426433880795e+000,
       5.5414689552457466e+000, 5.6617559582022178e-002,
       1.3250219520767503e-001, 5.4881233964984166e-001,
       4.9640400766653263e+000, 5.6180795893048495e-002,
       5.7977927306849385e-002, 1.2776282960869119e+000,
       4.6815902457814023e+000, 4.3977047284761796e-002,
       1.8206618598442486e+000, 3.2395425913465643e+000,
       1.8332730936804232e+001, 2.1774526250134474e-001,
       2.7583414918868440e-002, 4.4863655121461452e+000,
       1.7849158016663715e+001, 2.5800993820443119e-001,
       -1.1652651021274654e+000, -1.0979797293153011e+000,
       -9.9560689965673035e+000, 1.1445556008101038e-001,
       -1.4136697912108160e+000, -1.2908375070452016e+000,
       5.4507933924604570e+000, 6.0646400642079969e-002,
       5.8614425454802399e-001, 8.9339454173774757e-001,
       4.6997191274836885e+000, 3.0278387336889950e-002,
       -8.0234885243425846e-001, 1.5516492814319549e-001,
       5.0950965393432366e+000, 6.6439977115586760e-002,
       -2.0604999005986429e+000, -6.9191888606355278e-001,
       5.2245385217110778e+000, 6.1058015240509529e-002,
       -2.2380495491905403e-001, -4.2299315269244164e-001,
       5.2172173200629235e+000, 6.0560693942578035e-002,
       -9.7638005539965089e-001, -5.9582140582366772e-001,
       -3.9466461396282946e+000, 6.0722846558200025e-002,
       -1.6183480324071433e+000, -7.7611985456834331e-001,
       5.3330168365073725e+000, 6.5704115391114953e-002,
       -4.0209589926319129e+000, 3.2615489743703208e+000,
       1.6719393146295182e+001, 2.7287998710031514e-001,
       -2.6404423639889076e+000, -2.2208606999360039e+000,
       -8.9986603895962709e+000, 1.3580694734051216e-001,
       4.5733419817946821e+000, 2.6142406860666449e+000,
       1.7786172699094379e+001, 1.7135396427145255e-001,
       7.3266444716336712e-002, 7.9717087000599662e-001,
       4.8308443311040667e+000, 5.2792743426135283e-002,
       5.6237060370705205e-001, 5.4233942851906169e-001,
       4.8370928455631201e+000, 3.7648014462772619e-002,
       5.5631186134533275e+000, 2.1740384415819891e+000,
       1.6714895372958686e+001, 1.7009584747158391e-001,
       -1.1694276723163486e+000, -3.3990985763816361e-001,
       -4.0341334378268510e+000, 5.7116101426712008e-002,
       9.3488311578014804e-001, 2.3608176281711613e-001,
       4.8600691523708512e+000, 4.1399617416058951e-002,
       4.6088959741304087e+000, -5.7127449480940773e-001,
       1.8466229243718907e+001, 1.6445402431101072e-001,
       -1.5332914597422267e+000, -4.5800977163915617e-002,
       6.2703750758692181e+000, 8.4313739574761126e-002,
       -4.0508154793964852e+000, -6.8639329405177119e-001,
       -9.8743554895487229e+000, 8.0726643066058437e-002,
       2.1335252428786839e+000, 2.6493800696468472e+000,
       1.8138130709267735e+001, 2.0492507845159288e-001,
       9.7041782905428065e-001, 2.9019503135003899e-001,
       4.8126604706520348e+000, 3.6134916939570695e-002,
       -7.2376053740550050e-001, -5.2034941953451475e-001,
       -4.0703559328486651e+000, 5.7724927596988211e-002,
       -5.7865715895138314e-001, -6.8836563942455653e-001,
       -3.9814441057133321e+000, 6.4025869725690493e-002,
       -1.2381484492461050e+000, -6.7676051559734640e-001,
       5.2474221645953660e+000, 6.1447664148772223e-002,
       -3.0336082826899713e-001, -1.4179552860856532e+000,
       5.4012747001310810e+000, 6.0417641668201065e-002,
       -1.1937425640889976e+000, -1.9214879389281292e-001,
       5.1287555962986051e+000, 5.6450062705869657e-002,
       -2.0589842440172852e+000, -1.5970839988291724e-001,
       5.2943594825774465e+000, 6.2213461434849904e-002,
       -4.7449529355812153e-001, -7.7691366329280004e-002,
       5.1559542146630610e+000, 6.4108826379228323e-002,
       -6.6649102161620388e-001, -2.0689325357905712e+000,
       -9.5907174237939117e+000, 1.5535685318544351e-001,
       -1.4375815905247893e+000, -2.4534334456868190e-001,
       5.0813639156392219e+000, 6.6101847044640297e-002,
       -2.6201931855469809e+000, -2.1361180621692273e+000,
       -9.1745783728346346e+000, 1.4351849536279598e-001,
       8.3561459451753861e-001, 6.1909948718762453e-001,
       4.8025095900880910e+000, 3.4903367021731101e-002,
       -1.9196034003130040e+000, 2.9645797391951141e+000,
       1.7331241527509132e+001, 2.3393957293469661e-001,
       -1.3297732411493526e+000, -1.5321824675989197e+000,
       5.5172196913154341e+000, 5.7887655595736366e-002,
       -9.0485538872561078e-001, 3.6078919221577337e+000,
       1.8106944402152561e+001, 2.2522729825334703e-001,
       6.5976756969790653e+000, -4.1682144823365874e+000,
       1.8352502599785318e+001, 1.5060821876239197e-001,
       -3.9915773562497852e+000, -1.6880679235210097e+000,
       -9.2165890456662929e+000, 9.0700983724444365e-002,
       -1.2372951173424753e+000, -4.3622845447199299e-001,
       5.1801055113041663e+000, 7.5093919216618565e-002,
       1.0048025260063703e-001, 4.6163345258312577e-001,
       4.9404790933352789e+000, 4.8845459888984755e-002,
       -5.3779875974780644e-001, -1.2873046111133122e+000,
       5.2083421790427540e+000, 7.9084378408973643e-002,
       2.9683766573351389e-001, 1.2258250159555402e+000,
       4.6734912452829569e+000, 3.6096266659777894e-002,
       -1.3353030436428648e+000, 2.1777531615652468e-001,
       5.0456724524464072e+000, 6.4803297376072752e-002,
       -8.1544553646949625e-001, -5.0406854242991872e-001,
       -4.0130490184755612e+000, 7.0968950686913571e-002,
       -8.3696017620623531e-001, -9.9748951669843833e-001,
       5.2956046534851620e+000, 7.2663282768958143e-002,
       -1.9948200671880749e+000, -1.2517337298172517e+000,
       -9.8545273587970783e+000, 1.4874845105146581e-001,
       6.8407306286771807e-001, 8.3522074857282680e-001,
       4.7254559206972324e+000, 4.0048662462967580e-002,
       2.1549231654209575e-001, -1.7383236577344494e+000,
       -1.0549986234522731e+001, 1.1779196227010573e-001,
       -1.9762644315013986e+000, -9.5352143087425767e-001,
       5.2918815427529395e+000, 6.5285692909530416e-002,
       8.9852246160195781e-001, 4.5324149660345731e-001,
       4.8372593227108878e+000, 3.6507388586513118e-002,
       -2.1717556721145383e+000, -2.5999602656303633e+000,
       -9.0541943791786181e+000, 1.5061823486140932e-001,
       5.2259174190025366e+000, 1.5671075783312420e+000,
       1.7832737084806489e+001, 1.7811332850880501e-001,
       -8.7683755926565765e-001, 8.9532884511722899e-001,
       4.8774732004084118e+000, 6.4542005686024084e-002,
       -1.3292244056351317e+000, -2.0116701760145489e-001,
       5.2244225251364638e+000, 5.9397881297513326e-002,
       8.1566769703036235e-001, 4.0401910397728347e-001,
       4.8428901215553655e+000, 3.4871440392105907e-002,
       -3.4235952213704408e+000, -7.9942983413864965e-001,
       -9.7825755959690675e+000, 9.3788480631402757e-002,
       1.4573572498193188e-001, -1.0873118421380124e+000,
       5.2660354259324214e+000, 6.3288637227808253e-002,
       -1.6827453999575277e+000, 7.1256790154188809e-001,
       4.9000776424811106e+000, 7.2714912534552270e-002,
       4.0267106210861092e-001, -9.9407387343179265e-001,
       5.2698328150656613e+000, 4.3744590679480201e-002,
       -4.8127339653436552e-001, -1.7043356438049786e+000,
       5.5348953284565408e+000, 6.6828626745007919e-002,
       -1.1312247674267619e+000, -6.4371288007223582e-001,
       -3.8714519466478370e+000, 6.5900889876066140e-002,
       -4.0144521537616598e+000, -5.3613185945164721e-001,
       -9.8411994357288819e+000, 8.8335805161408723e-002,
       9.0825340379880948e-001, 2.7817241719840019e-001,
       4.9233509402797431e+000, 4.1504533819508659e-002,
       3.2388270262914276e-001, -9.4634544028594747e-001,
       5.1850775725845448e+000, 6.3724518214530082e-002,
       -6.2261765897827903e-001, 4.8475034955049310e+000,
       1.7661716166799092e+001, 2.7041366046662041e-001,
       6.7158188659920972e+000, -4.6512239352912541e+000,
       1.8564888711424086e+001, 1.2208685037026488e-001,
       -1.9967964994661949e+000, -1.2699442784803372e+000,
       -9.8823174029134861e+000, 1.1928207646005676e-001,
       6.2970094596534354e-001, -1.1364113931947012e-001,
       5.0178515513276434e+000, 4.8764320611862311e-002,
       -9.6404225945750910e-001, 7.1549385994056292e-001,
       4.9368558229416744e+000, 5.8466681651775036e-002,
       -1.6731107862142602e+000, -1.3787361506767901e+000,
       5.4855345790845540e+000, 5.4743734585271070e-002,
       3.8377372552602873e+000, 2.3397128066708395e+000,
       1.7621717881807108e+001, 2.8213941576455542e-001,
       1.3389722708402707e-001, 1.0640189124567887e+000,
       4.7622967361303887e+000, 3.8557332974854856e-002,
       8.2536215928506740e-001, 3.6198610031904310e-001,
       4.8193436107137773e+000, 3.9073204247164588e-002,
       1.1986060577152249e+000, -1.6376972612754424e+000,
       5.3529038512530462e+000, 6.6723537117818338e-002,
       -2.9052184498044547e+000, -1.0300736801910650e+000,
       -9.7158597508525695e+000, 1.2508803343034774e-001,
       6.1292793469702134e-001, -3.8766574142094656e-001,
       5.0848767159996413e+000, 4.9300582264667041e-002,
       6.1522786748886338e+000, 1.0147947748196173e-001,
       1.7632504928765982e+001, 1.3671094702848371e-001,
       -9.8084218900028297e-001, 7.9921953051894312e-002,
       5.1497069205967616e+000, 5.0589637605642723e-002,
       2.0680019680251044e-001, 8.3434659896709196e-001,
       4.8041738700583698e+000, 3.7644029982898751e-002,
       -1.3820603518773060e+000, -3.1583210742139645e-001,
       -3.9512351450495040e+000, 5.1850544807187315e-002,
       -1.1795952696753980e+000, -7.6470475991133324e-001,
       5.3115350130004177e+000, 6.6951600666922656e-002,
       -1.3331955616491702e+000, -1.5416689594687443e+000,
       5.5254212792992057e+000, 7.1991143378773506e-002,
       6.0977673352411657e+000, 4.3931969366242845e+000,
       1.7751762158046809e+001, 1.7242388568378059e-001,
       -5.0733884197319479e-001, -2.9184225198456082e-001,
       5.1177130218392879e+000, 4.5187709593280251e-002,
       9.9688695161530938e-001, -8.6317264181370812e-001,
       5.1541474593056877e+000, 6.5233511942895020e-002,
       5.4832188792419769e+000, 2.3990177550279972e+000,
       1.7759008672443649e+001, 1.5808971982733394e-001,
       9.9083310714896844e-001, -2.1415398498105473e-001,
       4.9771216191369767e+000, 4.9852761903978013e-002,
       7.4924334308992158e-001, 3.9520789231755488e-001,
       4.8094028407799332e+000, 4.2329265410795132e-002,
       -1.8669206325680634e+000, -9.1317232826272976e-001,
       -1.0003208417303487e+001, 1.2430771784217809e-001,
       4.0108710191073527e-001, -1.3253356482164910e-001,
       5.0731463126569505e+000, 5.1270301261527915e-002,
       -3.3029078179672937e+000, -7.4481313336118238e-001,
       -1.0217965919611405e+001, 1.1214309102500047e-001,
       -2.2363798500884968e+000, -5.9793572686643870e-001,
       5.1770157386395379e+000, 6.1489242161708133e-002,
       -4.6536473984142568e-001, -1.0404807455468543e-001,
       5.0689727415252719e+000, 6.6090186331393283e-002,
       -1.3005766164816387e-001, 3.4105554933842619e-001,
       4.9962597722785809e+000, 4.5984261759622697e-002,
       -2.4743537958006048e+000, 4.6083915190087312e+000,
       1.7065037821461381e+001, 2.5931900429950655e-001,
       -2.9885206920301188e+000, -1.2811179884564472e+000,
       -9.6307799024772152e+000, 1.2478876856226818e-001,
       6.0280143483935724e+000, 2.3461042651558826e+000,
       1.7661206744655306e+001, 1.4140356998706932e-001,
       -1.3556286658411651e+000, -9.7347694874803353e-002,
       5.1652682280841216e+000, 8.2836559065951637e-002,
       4.3964808226097540e+000, 2.5097840218884815e+000,
       1.7898327772376796e+001, 1.8038981653151775e-001,
       6.4537071529083212e-001, 8.0830825860273658e-001,
       4.7747414283363092e+000, 5.0360655853009383e-002,
       -2.0937156020145191e+000, -9.3635375354923212e-001,
       -9.9573801928157870e+000, 1.2154563949063701e-001,
       3.7462335193541891e+000, 4.9451188324451154e+000,
       1.7814819018821673e+001, 1.9651472021643879e-001,
       -2.9758919393109543e-002, 4.3539448856232277e-001,
       5.0292332092029373e+000, 5.7876753186965543e-002,
       -4.1674511909762768e-001, 2.4746517936649479e-001,
       5.0954415754072189e+000, 6.2026700971570953e-002,
       -1.3348850596681403e+000, -5.0692498159763821e-001,
       -3.9009311907462290e+000, 5.3251162821603727e-002,
       -1.9002004775048806e+000, 1.1740223889480250e+000,
       4.5589635094115488e+000, 7.4325299799032560e-002,
       3.3161112840923854e+000, 4.8601498410853239e+000,
       1.7900097174714936e+001, 1.9537677447300228e-001,
       -4.9749248534333801e-001, -1.1053781762220101e-001,
       5.1899743075246292e+000, 5.9845937309219562e-002,
       5.9752958075501255e+000, 4.3597023318162371e+000,
       1.7991917219188952e+001, 1.4473297579205649e-001,
       2.8503839051309765e-001, -1.1464398752149627e+000,
       5.2657755508251629e+000, 4.6960706279654187e-002,
       -2.0015794255450845e+000, -1.0707252285224040e+000,
       5.3085548509476741e+000, 6.4288082091480833e-002,
       -1.0207639796412864e-001, 8.0159404022551750e-001,
       4.8117186279825717e+000, 3.6139410504168662e-002,
       -8.6160513134427874e-001, -4.2251978586182048e-001,
       -4.0627887741416924e+000, 5.6177556129082921e-002,
       1.0556029315711749e-001, -2.8154502998801167e-001,
       -4.3026181791585945e+000, 5.2146925643383135e-002,
       -7.8324747560132066e-002, 1.0433334500478455e+000,
       1.8890336050404049e+001, 2.0841966513077162e-001,
       -1.5486015786175122e-001, 2.5315887430672451e-001,
       4.9750029802922295e+000, 4.6716573249352550e-002,
       -1.3170920769566070e+000, 2.1612178070061822e-001,
       4.1401507265017656e+000, 5.5254701443230712e-002,
       -7.6697197971755893e-001, -1.5608152530442889e+000,
       5.5248160785902654e+000, 6.1150095052266325e-002,
       -1.9200913009199643e+000, -8.3116296528705746e-001,
       5.2319565230926761e+000, 5.9359935039096950e-002,
       -1.1314795525014385e+000, -1.5156536878920033e+000,
       5.5739723130382233e+000, 6.9868246771801659e-002,
       8.0829838611583149e-001, 3.8998273867782602e+000,
       1.8852069530633109e+001, 2.6350926051296847e-001,
       -9.3364277380304850e-001, 8.9373619598244458e-001,
       4.8730647712500161e+000, 7.0422438127266798e-002,
       -1.6484815492063380e-002, 2.8058043931741972e-001,
       5.0555434877438223e+000, 5.1855192658299867e-002,
       6.1727590260750480e+000, 6.8586962265844376e-002,
       1.8417294054918560e+001, 1.4915022814373335e-001,
       -2.1792782074884620e+000, -1.8144379680411333e+000,
       5.6216760341748575e+000, 6.0790196642964825e-002,
       -3.3250564315275986e+000, -2.1818752484025126e+000,
       -9.1223272477951500e+000, 1.1663447663642393e-001,
       -5.8489243478775055e-001, -1.7145561933822167e+000,
       5.5596557861184071e+000, 6.9332366381829019e-002,
       3.2313213936309952e+000, 2.3719655205146308e+000,
       1.8832626159145587e+001, 1.7965296196898686e-001,
       -1.2461398815981932e+000, 1.2326873684173925e+000,
       4.7796956371651600e+000, 6.6148711744900515e-002,
       -1.1068176612647083e+000, -2.5445868638704777e-001,
       -4.0760859054519907e+000, 4.7183891028104767e-002,
       -1.8360450869078588e+000, -1.9811466906968503e-001,
       4.3318602182866428e+000, 4.0707038252257639e-002,
       4.6062882595470978e+000, 3.2267205332304099e+000,
       1.8016060075684155e+001, 1.8756511687169852e-001,
       1.1751650552293182e+000, 3.5910772095180068e+000,
       1.8311911539608175e+001, 2.4561252719262905e-001,
       -1.4298085490737462e+000, -6.4295648162314023e-001,
       -3.8225598206160516e+000, 5.9292598577302437e-002,
       -9.4389695694240383e-001, 3.6066359288893735e-001,
       5.0439593874880178e+000, 6.4823255760764434e-002,
       -1.2555840602322537e+000, 1.2418820306677765e+000,
       4.8158139148861743e+000, 6.6885586374132278e-002,
       -5.4735190215127227e-001, -1.1923562013505458e+000,
       5.3475392487144333e+000, 5.9751696322031485e-002,
       -2.5068322926919349e+000, 1.1033857007988419e+000,
       1.7964265303407757e+001, 2.4926575544208532e-001,
       -1.7883419648539638e+000, 4.7279800885062651e-001,
       5.4711995989225759e+000, 4.2755392781599025e-002,
       2.0301904047575947e+000, 3.2599646566179752e+000,
       1.8002064256173625e+001, 2.2591801785029689e-001,
       4.8023473812058926e-001, -1.0525263461905809e+000,
       5.2370302057920251e+000, 6.4910935341838658e-002,
       -6.1003109845051018e-001, -7.6801813595999602e-001,
       -3.9455451390138627e+000, 6.0298413019511936e-002,
       -2.0646574094190733e+000, -9.4036113537013022e-001,
       5.2925807611531024e+000, 7.0844651438494277e-002,
       -2.8206456749978690e+000, -1.8864596907898910e+000,
       6.6555822950892569e+000, 9.9591176382344146e-002,
       1.0091917032533875e+000, 1.3012024294791127e-001,
       4.8567574762890633e+000, 3.9026766790714477e-002,
       -2.0172063419729638e-001, -3.4583993103983535e-001,
       1.6654614699347171e+001, 2.2647597391766749e-001,
       -2.5909016263963811e+000, -2.5047557523030965e+000,
       -9.2033551714665265e+000, 1.3760795433141398e-001,
       -1.8524434985537228e+000, 2.8617441901802527e+000,
       1.6732455943438691e+001, 2.2624994225291511e-001,
       5.3385069431427645e+000, 4.1624502595253166e+000,
       1.7903475790641124e+001, 1.6170762061346503e-001,
       6.1572581292815098e-001, -2.1147205574150638e-001,
       5.0368324396131072e+000, 4.7950432196247207e-002,
       -1.3383498465672725e+000, 1.0701257136216473e+000,
       4.8347927538799205e+000, 6.7259942955199936e-002 ]
