%YAML:1.0
current_middle_points: !!opencv-matrix
   rows: 651
   cols: 4
   dt: d
   data: [ -1.8492556881036165e-001, -2.1303225055714529e-002,
       4.7925298208838840e-001, 1.8312168156671704e-006,
       9.8958448478883826e-002, 6.4742664716801693e-002,
       5.8275605135517750e-001, 7.9304725293717453e-003,
       -1.8590710193211213e-001, -7.5111943570976385e-003,
       4.7275462363778176e-001, 2.7458008093110872e-005,
       -1.8304100824546093e-001, -7.3902731212442379e-003,
       4.6560191348444629e-001, 1.2731061152607538e-004,
       -1.5360498240879172e-001, -6.6822376243733991e-003,
       4.8331592272586299e-001, 4.3296985150986995e-004,
       -1.5617964217775698e-001, 3.5965552583020255e-002,
       4.8044395915605881e-001, 9.8782488829439311e-004,
       -1.5136781901524909e-001, -6.3899979252924101e-003,
       4.7776742179546822e-001, 5.7112058240532660e-004,
       9.9654359009035437e-002, 5.2257431858031000e-002,
       5.8713958710749892e-001, 4.7886592869865914e-003,
       8.3216736573181932e-002, 3.5612323494980051e-002,
       5.8381333253208378e-001, 2.5004731209234314e-003,
       -1.6320170796233280e-001, 3.6614788923414361e-003,
       4.8112476062048615e-001, 1.3542600677749633e-003,
       -1.8505548438572667e-001, -1.3344260460328798e-002,
       4.7270058489298222e-001, 1.7148359842865179e-004,
       -1.5984458871405019e-001, 1.7566037224349004e-002,
       4.7208981309067749e-001, 7.2416224033426094e-004,
       1.0011062328421612e-001, 5.2756431824426568e-002,
       5.8948155169393068e-001, 5.3966972076010256e-003,
       -1.5603338107029996e-001, 6.6031403786626502e-002,
       4.4414468871813018e-001, 1.5195468809246471e-003,
       -1.8432384643719951e-001, -7.4440772241276491e-003,
       4.6881201053865612e-001, 8.8978241433456629e-005,
       -1.8537727954539163e-001, -2.4335795817575986e-003,
       4.6993883258492863e-001, 2.3063966577690308e-004,
       -5.2371249682672566e-002, -6.4298580557619125e-004,
       2.0313685840511600e-001, 4.0909718486904917e-002,
       9.4001377507815315e-002, 8.1832370991066161e-002,
       5.8212108615444402e-001, 8.7300347447131553e-005,
       -1.5881987975613909e-001, 1.7602358474671374e-002,
       4.6983843807714942e-001, 1.6595934968467081e-004,
       -1.4318463080956101e-001, 3.4866247044919113e-002,
       4.6335961914333967e-001, 3.6689695349152083e-003,
       -1.5181816928951233e-001, 3.0476561902286058e-002,
       4.6651314698232116e-001, 9.7402091362639635e-004,
       9.8779271329011958e-002, 6.3074910013304397e-002,
       5.8342501125605239e-001, 4.4359957019182612e-003,
       -1.9635266376757537e-001, -3.5125415708573545e-003,
       4.6998463556298881e-001, 7.1895928141439615e-004,
       -7.2845069978092133e-002, 4.2622283214216412e-002,
       2.6957762326609203e-001, 5.2913143160832794e-002,
       9.1196903276369978e-002, 6.6346159773665980e-002,
       5.8049553461387526e-001, 6.4227486368940287e-003,
       -1.4899118991915083e-001, 1.0156296434261156e-001,
       4.3655375070013047e-001, 1.0928145642709107e-002,
       -1.6417273358643356e-001, 6.3221787521920286e-002,
       4.8583383691861903e-001, 5.3546825361852788e-003,
       -1.0376046891635718e-001, 1.4648531237963480e-001,
       4.9399817063702273e-001, 2.6338418871595006e-004,
       9.4040690402875798e-002, 8.2681105889344436e-002,
       5.8161405586097681e-001, 1.7456842813544089e-003,
       9.3864889219044692e-002, 8.2470199807489458e-002,
       5.8057720540622504e-001, 1.6160898402851054e-003,
       -2.0179611493530658e-001, 6.2856443457566524e-002,
       4.7346911293870886e-001, 1.8988934684840744e-004,
       -1.4589026372308889e-001, 9.0948693546746527e-003,
       4.7013630553086166e-001, 1.9136991203511516e-003,
       -1.9547220395494624e-001, 2.4926958914019429e-002,
       4.6396113663634381e-001, 1.9061947567691848e-004,
       -1.6090003227518995e-001, 1.4997986517431981e-002,
       4.7124236816810694e-001, 6.2130750678871351e-004,
       -1.7655866245117843e-001, 1.8586825903744914e-002,
       4.2343096957624504e-001, 1.0296955696854828e-003,
       -1.6621799227999215e-001, 1.4981799177046671e-003,
       4.9422113904500820e-001, 2.1074807202684956e-003,
       -1.8591236036615910e-001, 2.2065640734177952e-002,
       4.4602139317899292e-001, 6.0149897695195380e-004,
       -1.4085031177451576e-001, -6.5078024599019083e-003,
       4.3369020590341789e-001, 5.6306671706347301e-003,
       -1.7065209666630060e-001, 9.0028489795550004e-002,
       4.9506040448793542e-001, 1.6634166636626643e-002,
       -1.6377049203478056e-001, 3.7992286560404626e-002,
       4.7553414704124586e-001, 1.5603759756390998e-003,
       4.2132885835402131e-002, 1.5940689607797737e-002,
       5.6988832331282824e-001, 3.0677133671024796e-003,
       -1.5915479829969620e-001, 1.5024309156961169e-002,
       4.6718750291686717e-001, 1.3723677538515373e-004,
       -1.5404190753600550e-001, 3.8299634750304720e-002,
       4.4032986345769715e-001, 2.4049636291683133e-003,
       -1.9907957119983682e-001, -3.5584367948899281e-003,
       4.7688750098378041e-001, 4.3949650355619825e-004,
       -4.8696132271120927e-002, -1.0291305895322386e-004,
       1.9306050608856690e-001, 4.1136368067047215e-002,
       -1.8992816314085753e-002, 1.5997903839451455e-001,
       5.2066500900188295e-001, 5.5847963936426766e-004,
       -1.5752982801466775e-001, -8.4015922261368135e-003,
       4.7573220037219721e-001, 8.5791454470986620e-005,
       -1.5826327724664102e-001, 3.6002746120478914e-002,
       4.8533991286627176e-001, 2.1541489990297099e-003,
       2.6250639665945642e-002, 2.2511044365011793e-003,
       5.6606710326437337e-001, 2.8942102365243118e-003,
       -1.5471928277617711e-001, 3.0610041646258201e-002,
       4.7378385732436923e-001, 2.4678545121760729e-004,
       -1.9657160590329470e-001, 5.8905507378802088e-003,
       4.7693068358686008e-001, 8.1346191009709450e-005,
       -1.6184266888929599e-001, 3.7826327920190514e-002,
       4.7096615572105344e-001, 7.5684947012513270e-004,
       -1.6242960763169570e-001, 6.7574749708624954e-002,
       4.6029482510312880e-001, 6.5544026721502276e-004,
       -1.5685962608049428e-001, 1.9857716815853254e-002,
       3.6951998373453587e-001, 2.3208095777710962e-003,
       -1.5157413428845473e-001, 5.1977676919972474e-002,
       4.3038585343065550e-001, 3.3584300269984711e-003,
       -1.5724392147028149e-001, 1.7641602629144403e-002,
       4.6627134771186229e-001, 6.2095337264782703e-004,
       -1.9231349737707815e-001, 5.7457884154692614e-003,
       4.6612420519424358e-001, 4.4254110444771211e-004,
       9.8812671677869154e-002, 6.3482251951443996e-002,
       5.8317866713212774e-001, 5.3075738541381321e-003,
       -1.7641133357487260e-001, -2.9065091830826433e-002,
       4.8341812308497401e-001, 6.7520254281074586e-004,
       9.1198852513024314e-002, 6.8517180353970808e-002,
       5.7814824566820522e-001, 1.1289721514942329e-002,
       -1.4899809823652138e-001, 2.6492787961745422e-003,
       4.7385003852054608e-001, 9.2931857922768052e-004,
       -1.1978145899696729e-001, 1.3768838224175148e-001,
       4.8376994074185170e-001, 6.5139692872586742e-004,
       8.5485872523218653e-002, 1.0349138037845988e-001,
       5.7252794548027275e-001, 2.1889583077098511e-003,
       -1.3916504808432062e-001, 3.5318524245010561e-003,
       4.4863552342519808e-001, 5.0522443758646137e-003,
       -1.4187312905560989e-001, 7.7247528651130604e-002,
       4.5776019599797291e-001, 4.6495720375557287e-003,
       1.7098739709546334e-001, -3.8544691039896814e-002,
       6.7344562183518430e-001, 2.3781250766315411e-002,
       -1.4316602670655781e-001, 4.4994074102829150e-002,
       3.4740242459546899e-001, 1.1565243900607683e-003,
       1.0393423449566008e-001, 5.2108638562320994e-002,
       5.9052589234354913e-001, 7.2876506985075007e-003,
       1.7198524796866110e-001, -6.3405221399926076e-002,
       6.7771568233004476e-001, 2.3381595251834308e-002,
       6.1580534608165904e-001, -2.0586651860578553e-001,
       -1.4813040506921118e+000, 1.1031644934738379e-002,
       -1.9757712714493567e-001, 5.9219688293008664e-003,
       4.7940513275728197e-001, 5.5174851995145073e-005,
       -1.6145523377426435e-001, 9.4263210830404023e-002,
       4.5354750015911061e-001, 7.6198130493986059e-004,
       9.7316251626253639e-002, -1.5142814543218584e-002,
       5.9990271208514345e-001, 2.3792605109896133e-003,
       1.7020153340030136e-001, -7.2111328628648927e-002,
       6.7828188794163513e-001, 2.6342503222005969e-002,
       -1.5478130650179731e-001, 7.4368030692838372e-002,
       4.6508964101105954e-001, 3.6570978671981855e-004,
       3.8643142090385579e-002, 4.7170483048294895e-002,
       5.6299773783405005e-001, 2.9402088946110304e-003,
       -1.9768852748650545e-001, -7.6596905289080894e-003,
       4.7925135235655875e-001, 7.5621032293467718e-005,
       3.3665948937775425e-001, -8.5677901560983552e-002,
       -8.1204546249295950e-001, 1.7101784720841347e-002,
       -4.0074533274423049e-002, -8.3235562483418221e-002,
       5.5367473353537244e-001, 1.8126860217772907e-003,
       -1.9518343599289800e-001, -9.1867014353248788e-003,
       4.7826774338936151e-001, 3.2401477025794707e-004,
       -1.4279926467751974e-001, 9.3759402344243403e-003,
       4.6252752873746117e-001, 3.5221704671422856e-003,
       -1.6144054556083498e-001, 9.3640157780152042e-002,
       4.5360250050154843e-001, 2.0041908113323501e-003,
       -1.9486037210675888e-001, 2.4046632775270010e-002,
       4.6780976910918171e-001, 4.0866267958253360e-004,
       8.3787900349622316e-002, 1.8484075287197213e-002,
       5.8682513029299643e-001, 2.7307297593933107e-003,
       -1.6119848756910024e-001, 9.2843973583616762e-002,
       4.5294212292927294e-001, 3.2941976306445271e-003,
       -1.9243249601836759e-001, 4.5616709164150004e-002,
       4.5561582566766556e-001, 4.5832608423566537e-004,
       -1.6543958979432327e-001, 3.8193892088133570e-002,
       4.7968930048371461e-001, 2.1000141732651113e-003,
       9.3822203536662180e-002, 2.4931575346128915e-002,
       5.8957502032242570e-001, 1.8949714510433108e-003,
       -1.5526032863215902e-001, 1.6441166461341496e-002,
       4.7957201053437076e-001, 1.0617074020666591e-003,
       1.7296115921865798e-001, -7.5875973903354210e-002,
       6.7947997071392696e-001, 2.5543639049878442e-002,
       -8.7550958074676055e-002, 3.8212114442491930e-002,
       3.0797642347156373e-001, 3.8370481061675420e-002,
       9.8591040382452172e-002, 6.5118853937123133e-002,
       5.7994672726847796e-001, 9.2747266369600460e-003,
       -1.6922583387619386e-001, 2.5570232547395523e-002,
       4.0041853166116798e-001, 2.0196861876610136e-003,
       -9.4561838744790752e-002, 7.4584012827204185e-002,
       2.9153030989932427e-001, 1.0029325954507749e-001,
       -1.5628510204135193e-001, -1.2763714232092854e-002,
       4.9061583423174115e-001, 1.5539900244322495e-003,
       9.6230293412056300e-002, 8.3356613006666122e-002,
       5.7436829411879797e-001, 3.0256256410490082e-002,
       -1.1529081644146690e-001, -1.2277087821799820e-002,
       3.5950422414067529e-001, 2.4722065943173065e-002,
       -1.7896519512826076e-001, 2.3161294703752625e-002,
       5.3410608764337719e-001, 9.8250806410896674e-003,
       -1.2460741092546178e-001, 8.5161893347300066e-002,
       3.6172404333277619e-001, 2.4295785528068891e-002,
       -1.1809657692051939e-001, 1.3601947382239404e-001,
       4.7574295140309886e-001, 1.9306103437719208e-003,
       -1.2113129203152964e-001, 1.3568718337675800e-001,
       4.7472706513385754e-001, 2.0461244538716901e-003,
       -2.4632203386721840e-001, 8.1759951316543941e-002,
       5.9455111610833666e-001, 2.9272045722412649e-003,
       -1.5576338238942558e-001, 1.1275766604703505e-001,
       4.3257170892610697e-001, 2.8512046773034418e-004,
       -1.1700127047160495e-001, -1.2629163351660472e-002,
       3.6333090913241506e-001, 2.3981667235943794e-002,
       -1.5152137176825675e-001, 2.0065748076915729e-002,
       4.6853395822693888e-001, 1.3330844685025328e-003,
       -2.2188202085950079e-001, 8.4304697132972575e-002,
       5.3138701229739205e-001, 9.4024865055504308e-004,
       -1.8795833038989629e-001, 2.2310867612769653e-002,
       4.5096754804571770e-001, 5.7912442350705590e-004,
       9.1124231467902730e-002, 7.4161944534017810e-002,
       5.7295538153977454e-001, 2.3693388642274299e-002,
       -1.4442207106522603e-001, 3.5336240269337918e-002,
       4.5088794189035508e-001, 4.2993575186283210e-003,
       -2.0307232329345115e-001, 3.8385713381195959e-002,
       4.7474916299872838e-001, 4.3780159822046034e-004,
       -1.1327484499176035e-001, 1.4538987512877097e-001,
       4.9228413410051475e-001, 4.4638428141529149e-004,
       -9.9121010904984985e-002, 6.1133727433415807e-003,
       3.2410574980312118e-001, 2.0008635479376705e-002,
       -1.9281645433838307e-001, 8.7818612041647648e-002,
       4.4410048110259859e-001, 9.8921733079104074e-004,
       -1.4263764482948288e-001, 7.0012952415514251e-002,
       4.7683377426886031e-001, 1.5522511170563509e-003,
       9.6982872051643701e-002, 4.1598105407304513e-002,
       5.8680225288672705e-001, 1.6949092463336118e-002,
       -1.6437871717433700e-001, 1.0498833582718251e-001,
       4.7467074664862230e-001, 2.1955210797479321e-002,
       -1.5194770563618021e-001, 2.8468848667145628e-002,
       3.5029436905497102e-001, 4.2080345941484260e-003,
       -1.2406243415384036e-001, 1.3563463911297302e-001,
       4.7350420429290174e-001, 1.7549568351318205e-003,
       -1.3767510237517716e-001, 1.3511774213008801e-001,
       4.7701298473881887e-001, 1.4011047830306519e-004,
       -4.4947856518760335e-003, -9.5425921613927295e-002,
       5.7132908031369833e-001, 1.9092057845968731e-003,
       -1.4072318019505481e-001, 1.0758914726303409e-001,
       4.7983138331848979e-001, 1.9978533077800774e-003,
       1.5354070750250320e-001, -9.9464305244926794e-004,
       -3.9275906418198309e-001, 1.2933575114080189e-002,
       5.3809451715922912e-002, 5.4013595013292545e-002,
       5.6750542829184480e-001, 3.2326399311132701e-003,
       -1.5159161373649699e-001, 8.7393718338038412e-002,
       4.1900594394554475e-001, 4.3281953709575077e-002,
       -1.7384554693807602e-001, 1.2531532409459700e-001,
       4.9133113379807636e-001, 1.1552662766607243e-002,
       -1.9669305354882394e-001, -9.2546550544290798e-003,
       4.8222144903986885e-001, 1.3370466210783168e-004,
       7.6995900263891998e-002, 2.4619293487610446e-002,
       5.8236543620760872e-001, 2.7561997346137773e-003,
       -1.4197591834234247e-001, 8.1903692031692288e-002,
       3.9621669350556948e-001, 3.9632327371177181e-002,
       -1.4075392575596279e-001, 1.0504401093722820e-001,
       4.7545253706270496e-001, 1.5442946817269679e-003,
       -6.5792021386939223e-002, 4.9607343709769193e-002,
       2.4955109809463785e-001, 6.8401300321567771e-002,
       2.1370223203837652e-001, -4.2531511477082243e-002,
       -5.1737289496980843e-001, 1.1537849688728377e-002,
       -1.8656369955120916e-001, 1.8702229568795414e-002,
       4.6474736442858533e-001, 1.1341952632130897e-003,
       -2.4548506251120056e-001, 1.4972175858976200e-001,
       6.4591614290912402e-001, 3.9964597182120150e-002,
       -2.0517832224996502e-001, 6.7685483399409774e-002,
       4.7993464433912419e-001, 8.9297583253768026e-006,
       -2.2538244681714872e-001, 8.5595706780262737e-002,
       5.3958775418032645e-001, 8.1138873613474953e-004,
       -1.1019269925467119e-001, 9.2568309665314319e-002,
       4.9161594340922554e-001, 1.6643524004916763e-003,
       -2.3850141506033999e-003, 1.1024427707856191e-001,
       5.3874039745700375e-001, 1.9130964757209036e-003,
       -1.0335218057285281e-001, 6.9552664642207065e-002,
       4.9847531329200451e-001, 1.5978426833645170e-003,
       3.7954441418953266e-002, 6.3279085144110174e-003,
       5.6953668301565585e-001, 3.0657608157537014e-003,
       2.0928886750927037e-002, -8.5190854973654778e-002,
       5.8029287964449960e-001, 2.9246121858677236e-003,
       -2.1362114505486737e-001, 3.7541563210722120e-002,
       5.1211266110370013e-001, 9.6517842108610814e-005,
       -1.1623414418244554e-001, 1.4422617720404121e-001,
       4.9098026682334694e-001, 7.8040235993547284e-004,
       1.7528421342054054e-001, -6.3015590201643240e-002,
       6.7187633065808305e-001, 5.0690456415229540e-002,
       -7.9087159931194451e-001, 3.0091836899054314e-001,
       1.8876891643663820e+000, 1.1649837605735890e-002,
       -2.0116326917691002e-001, 3.8017407188130119e-002,
       4.7016930242833521e-001, 5.2547885290914740e-004,
       -1.8435261104677775e-001, 4.4945967891865841e-003,
       4.6920199238553179e-001, 1.6699928306119032e-004,
       -2.5241429280788674e-001, 9.5721202948976569e-002,
       6.0363020570523984e-001, 3.7880016951313150e-004,
       9.6506909582849659e-002, 6.5148127425415977e-003,
       5.9435862123543304e-001, 2.4251390795432442e-003,
       -1.5654981871354243e-001, -3.3371919758164001e-003,
       4.8191728210681795e-001, 4.3545921587618869e-004,
       1.7242510117758406e-001, -6.2976493523163396e-002,
       6.7867387882653674e-001, 2.4522611804455204e-002,
       9.1214417525685543e-002, 7.7598702767121774e-002,
       5.7167391785404842e-001, 3.0809036765590887e-002,
       5.1763994541022401e-002, 1.5315504326564169e-002,
       5.7510651899465293e-001, 2.6136877703101442e-003,
       -2.0020744118615214e-001, 1.2504300925230818e-001,
       5.4062272436558789e-001, 2.7190351701034860e-002,
       -1.3586446946396416e-001, 3.9661161000853311e-003,
       4.4078666016269019e-001, 6.8911289520587884e-003,
       -1.5342291279098152e-001, 1.6091671623093846e-002,
       3.6686792714217875e-001, 1.7230314390176517e-003,
       6.0412290855359707e-002, 9.4360766563568288e-002,
       5.6244052793375132e-001, 2.0658101871308065e-003,
       -1.2721837799884109e-001, 1.4448933690611890e-001,
       4.8658116458826017e-001, 6.9433078789733987e-004,
       1.6166466932199391e-001, -2.4217398432867503e-002,
       6.6689888381144380e-001, 2.1472018290347259e-002,
       -1.4980536683972262e-001, 2.8058143086521447e-002,
       3.4513631315915783e-001, 4.3212583784342350e-003,
       -1.3469418433244109e-002, 1.5292812505101450e-001,
       5.2431619044055588e-001, 6.1789271600828813e-004,
       -2.1469268613169395e-001, 7.1602505056755014e-002,
       5.2020677811383298e-001, 1.0152068109251079e-003,
       9.1283424612177935e-002, 7.3650520826889027e-002,
       5.7439102847270707e-001, 2.2363007077927662e-002,
       -1.1670107570692406e-001, 1.3783685858638964e-001,
       4.8442200133100188e-001, 7.1749208932129604e-004,
       -1.5019305112711344e-002, 7.2407754153777544e-003,
       1.1152751933936783e-001, 5.2216878838970186e-002,
       -1.0876899714952171e-001, 7.5894688328671078e-002,
       3.2757585193070532e-001, 8.4957412642264890e-002,
       -1.3906399376357967e-001, 1.4008416343141247e-001,
       4.7585371451047581e-001, 9.8501482710179551e-005,
       -3.1726808680457114e-001, 1.2065885400045034e-001,
       7.5946985657403121e-001, 3.0105956425005480e-003,
       1.6305432295848832e-001, -2.6851735018863312e-002,
       -3.9650904057709913e-001, 6.3627648350152183e-003,
       9.0728091618789752e-002, 4.9031979098548194e-002,
       5.8451151505163934e-001, 3.7258294715671551e-003,
       -1.8170968642974217e-001, 6.9286222313490159e-002,
       4.3629519996047927e-001, 1.6524287395739414e-003,
       -1.1065484246040597e-001, 1.3819780198554368e-001,
       4.6174364527210277e-001, 4.6880753025974348e-003,
       9.1136674449459915e-002, 7.3508537769424440e-002,
       5.7347856938483210e-001, 2.2277867841625918e-002,
       -1.2265878672498465e-001, 1.4044165713257406e-001,
       4.7402387074791352e-001, 2.1306651128802393e-003,
       -1.3149840970998172e-001, 1.3936785483382666e-001,
       4.7026554488973460e-001, 2.1141292872868425e-003,
       3.9599973673768891e-002, -9.7275786250796470e-002,
       5.8910462607606184e-001, 3.1964880831027633e-003,
       1.8244600664047123e-002, 1.5158939303672372e-002,
       3.0702590661383172e-002, 6.3717743683865888e-002,
       -2.1210768930212376e-001, 1.0610752042890489e-001,
       4.8647388582713447e-001, 1.0094536750270853e-005,
       -1.5169883084135338e-001, 9.5048116478931965e-002,
       4.5818201810667758e-001, 8.3204733408592021e-003,
       4.5757264106504124e-002, -3.1189508757284806e-002,
       5.7970284516997983e-001, 3.0350005299154426e-003,
       -2.7892098102993484e-001, 1.0563037495082914e-001,
       6.6630670887244980e-001, 1.3909184239368114e-004,
       8.4438795199997307e-002, 8.9154750789218681e-002,
       5.7565568242792275e-001, 2.8727350819027762e-003,
       -1.5503743850933999e-001, 5.2738050010488757e-002,
       4.3051768710122840e-001, 2.5435537813858679e-003,
       -1.2575740830976073e-001, 1.4349871748019291e-001,
       4.8906019260765965e-001, 8.0393429446375543e-004,
       6.5176720840935093e-002, 2.0256753632178034e-002,
       5.7851835255855555e-001, 2.8384142369334534e-003,
       -1.4670602025206056e-001, -2.1822013940613727e-002,
       4.3937186414209223e-001, 2.7635590244750624e-002,
       -7.2785800175027504e-002, -3.0465900711738617e-002,
       5.2294183426400753e-001, 2.7769782682554828e-003,
       6.7056250771280940e-002, 1.8715321069127874e-002,
       5.7973627022162200e-001, 3.3110809208382773e-003,
       -1.1917841444949795e-001, 1.4400919953354208e-001,
       4.9009698688783088e-001, 9.6050235358835891e-004,
       3.1921834984969491e-002, 1.2151141109927596e-001,
       5.4999145077784151e-001, 2.0769488527934256e-003,
       1.7443953999885548e-001, -5.6532457807887626e-002,
       6.7677950891109395e-001, 2.2816619876713150e-002,
       1.0016040345032129e-001, -1.9544429680194621e-002,
       -2.3964518609680113e-001, 7.5447238141245114e-003,
       -1.8613430944262893e-001, 5.4546702505889541e-003,
       4.6882372577896525e-001, 3.6469002685668201e-004,
       -1.9034401198599710e-001, 2.4286595951194818e-002,
       4.5202177185072345e-001, 4.9794084667153389e-006,
       1.7102118677065226e-001, -5.3942820960700778e-002,
       6.7352046750678263e-001, 3.4406501828295223e-002,
       1.6376846498029773e-001, -6.1644246403498436e-002,
       6.7386101711246404e-001, 2.4298554135472512e-002,
       -1.4414722056081603e-001, 1.1944050733394859e-001,
       4.8019474648095561e-001, 6.5352681950373026e-003,
       -2.7544595742297323e-001, 1.0436780792710734e-001,
       6.5827598935680975e-001, 7.4300157014183614e-005,
       -1.9832211864783023e-001, 5.2335737252017719e-002,
       4.6082838518624347e-001, 6.1933887249743160e-004,
       1.6334046356378171e-001, -1.7484747035072128e-002,
       6.6645002321548807e-001, 2.1043422249792221e-002,
       9.0406683720426734e-002, -1.7612296249411147e-002,
       -2.1603912119354080e-001, 7.0086487613108053e-003,
       -1.1340417837523252e-001, 1.4114776474717511e-001,
       4.7655052725546965e-001, 1.6820473043000839e-003,
       9.1210887350703498e-002, 7.8653651246163206e-002,
       5.7120221254843595e-001, 3.3006950816034442e-002,
       9.5614554582783756e-002, -1.1758596532980602e-002,
       5.9867213494301519e-001, 1.4562275376927103e-003,
       -1.3816631121584685e-001, 1.4244984005554423e-001,
       4.8558118390460114e-001, 1.3565808612992574e-003,
       -1.4219961305779544e-001, 1.4003437365907845e-001,
       4.7519338812981982e-001, 3.4142530951481379e-006,
       -1.9772533437652179e-001, 5.3192751290724550e-003,
       4.7563538152438423e-001, 6.1904900116273886e-006,
       -1.0210411294630345e-002, 4.2621431777013982e-002,
       5.4138204355703712e-001, 5.0174999585107889e-003,
       -1.0330830793170742e-001, 1.1983344798637674e-001,
       4.9699278073741476e-001, 6.0863476598016866e-004,
       2.0426810521605023e-002, 4.9652005002723001e-002,
       5.5475418974426427e-001, 2.4222803563092588e-003,
       2.2917109084258147e-002, 7.2932568632774466e-003,
       5.6355424004892685e-001, 3.0404932207239717e-003,
       -1.1649125750973136e-001, 4.9915901234159912e-002,
       4.9684097334668909e-001, 5.9175238325864018e-004,
       1.7638425347851490e-002, -7.0660061542228578e-002,
       5.7561275928175382e-001, 1.7934071363253550e-003,
       1.5022018020220770e-001, -1.6298699243430755e-002,
       -3.8203978917842629e-001, 1.5856611963954589e-002,
       -1.7255380432932288e-001, 2.3513278773119463e-002,
       4.2968544712881890e-001, 1.4069347014319375e-004,
       1.4008915905071098e-002, 2.2252161216582057e-002,
       5.5668642829400661e-001, 2.8943271815034671e-003,
       -1.1721668782413697e-001, 2.8300516409880357e-002,
       4.9962047792822439e-001, 6.5074203555977100e-004,
       2.3623445187852909e-001, -1.0995606323271710e-001,
       6.9765201657537990e-001, 5.1950493381257304e-002,
       5.3218081399358158e-002, 3.2503934444685226e-003,
       5.7712695139871584e-001, 1.7785580478915778e-003,
       -9.1008524900755228e-002, 4.3105713875927917e-002,
       2.7422733333555571e-001, 2.5902695979550933e-002,
       -1.8686643363442162e-001, 2.5425022479376974e-002,
       4.6495660214308693e-001, 1.2635378644735478e-004,
       -6.8790083317922787e-002, 8.9776225964648529e-002,
       5.0973276059074202e-001, 1.6737561665144814e-003,
       -1.8729576455694444e-001, 6.1659561458724532e-002,
       4.3694216094301142e-001, 9.2295425431257287e-004,
       2.0561834819956062e-002, 6.2131896069029420e-002,
       5.5200656047359797e-001, 2.0418747959798349e-003,
       2.1752827997444019e-001, -2.7352700635434855e-002,
       -5.4523212060812420e-001, 1.7247649238330744e-002,
       -2.5503549427104266e-001, 9.7021857353791194e-002,
       6.1131989809606613e-001, 1.5032430400090063e-003,
       3.1512679380637024e-002, 1.0806004695472854e-002,
       5.6631596568743958e-001, 2.8862151753953763e-003,
       8.1774390352666246e-002, -3.7039671893091767e-004,
       5.8894252384375323e-001, 3.1656655097822570e-003,
       -1.7148764914172290e-001, 2.8102901898747139e-002,
       4.1213281852867545e-001, 1.2460493695667185e-003,
       -1.7755776770421206e-001, 8.3763536705880534e-002,
       4.2391969751237824e-001, 9.4567748880623096e-006,
       -3.0949681644583277e-001, 1.7430451638263600e-001,
       7.2468729411176880e-001, 3.7241761938130065e-003,
       -1.9065670284310521e-001, 4.0303843441519216e-002,
       4.7398030712073635e-001, 6.1415731314022051e-004,
       -1.2518708007243559e-001, 1.3947973399453034e-001,
       4.7160952469464745e-001, 1.5451493762319399e-003,
       2.3344209110711833e-002, 7.3135413664940030e-002,
       5.5096764575376211e-001, 2.4609193764743085e-003,
       -1.8914858275039320e-001, 5.1061195546585322e-002,
       4.6742382280017097e-001, 4.4439543444391741e-004,
       -1.8391911361516305e-001, 1.8523613723898075e-002,
       4.5915920440876906e-001, 3.6817748677569166e-004,
       -7.9712810676472373e-002, -5.8481687010059610e-002,
       5.3219698065881671e-001, 2.4557774877132679e-003,
       -1.6338284599803088e-001, 9.5754021917743043e-002,
       3.7300021348279921e-001, 1.7035942275790358e-003,
       -1.9040674458954998e-001, 1.1180120070413720e-002,
       4.6209404183035296e-001, 2.1737485041275081e-003,
       -1.3843367294431749e-001, 9.0471560585490080e-002,
       4.8000203903206329e-001, 1.3995413688954392e-003,
       -2.8668359920108588e-001, 1.6901629820443859e-001,
       6.5779457470247471e-001, 2.9478155144060746e-004,
       -1.3487665707783314e-001, 1.3554365706833499e-001,
       4.7805860699905478e-001, 3.5803619131056949e-004,
       2.6236930127837153e-002, 1.2259374638129988e-001,
       5.4722596245206123e-001, 1.6510862768138108e-003,
       -2.5376006332904483e-001, 1.4544548889233389e-001,
       6.6795410113972409e-001, 5.2422941858975794e-002,
       -1.3918509027300940e-001, -5.3252586061341242e-002,
       5.0559680986475630e-001, 7.3703542230950869e-004,
       -1.3210946916831207e-001, 1.3687505752872792e-001,
       4.8012749572047919e-001, 3.9897064906356983e-004,
       -1.9980111350322408e-001, 1.2579396405414317e-001,
       5.7523694587617724e-001, 1.7688504332036389e-002,
       -6.9030221551018886e-002, 1.0791700349308295e-001,
       5.0508772950569603e-001, 1.6010857289695524e-003,
       -2.3350478017963605e-001, 7.9077534975341021e-002,
       6.5335249344511981e-001, 3.4139908809478217e-002,
       5.4328175225806419e-001, -6.6323449837712850e-002,
       -1.3465517863368532e+000, 3.1769375511982105e-002,
       2.6495369362461399e-002, -1.5912320962618080e-002,
       5.6901563926889998e-001, 3.8010230085050887e-003,
       -4.9715363956759906e-002, -7.2140287605655440e-002,
       5.4712583646246182e-001, 1.5229078164712550e-003,
       -1.4445918303389399e-001, 9.9428480506978958e-002,
       4.7291652780101689e-001, 1.5430345906836750e-002,
       -2.4384109920349756e-001, 1.7375338725997691e-001,
       7.0032221715246878e-001, 4.8758487087949293e-003,
       -1.8732839273469368e-001, 1.3526643264130489e-001,
       5.2157105183158148e-001, 1.8693267150501215e-002,
       3.8377343411699710e-002, -7.2900756564186819e-002,
       5.8477222098561277e-001, 1.5909978458863287e-003,
       -6.9827280747919940e-002, -5.8284426825734814e-002,
       5.3637472876538750e-001, 2.4442394411154753e-003,
       -1.2832787770418075e-001, 7.0056617266294544e-002,
       4.8991488701373209e-001, 1.8233780723016903e-003,
       8.3075091025634329e-001, -1.5943914925526734e-001,
       -2.0191290288436399e+000, 4.5244810427815745e-002,
       1.7548699789726740e-001, -6.7445410610584844e-002,
       6.7753661407877919e-001, 4.2940787943408200e-002,
       -1.4110785037349916e-001, 6.8289979408142250e-003,
       4.6715697973943460e-001, 3.2200437030519965e-003,
       2.4822490450120881e-002, 4.8907346086650601e-002,
       5.5641437488122514e-001, 2.8320151734982043e-003,
       2.1086229830487943e-001, -1.3403042347215677e-001,
       7.1116655197181111e-001, 3.7160456267636963e-002,
       6.8305435882814292e-002, -2.3072508435825496e-002,
       5.8837171101654695e-001, 3.2935780237156225e-003,
       -8.8532895682300106e-002, -5.8792656918281158e-002,
       5.2918963570173838e-001, 2.3582395178129881e-003,
       -2.2894624790807633e-001, 8.7284646819577802e-002,
       5.4961244480993199e-001, 2.0062912530887421e-003,
       3.0207861943662252e-002, 1.6142369678764473e-001,
       5.4471891828407526e-001, 6.2561698460556652e-004,
       -6.5888055233062931e-002, -6.3616506374103363e-002,
       5.4078060174386366e-001, 4.1949136702404671e-003,
       5.9915179996061184e-002, -2.3176435885152440e-002,
       5.8531856629454593e-001, 3.1392583025785089e-003,
       -1.3746509889261796e-001, 9.1681254513223953e-002,
       4.7691283991014394e-001, 4.9278764993560585e-003,
       -7.7052309412113912e-002, 9.8512816753070817e-002,
       5.0446432015986142e-001, 1.7605422077809213e-003,
       4.4250933846414076e-001, -1.3009789214426282e-001,
       -1.0557180964355819e+000, 3.0625496232173786e-002,
       -1.4246112820934340e-001, -1.6944892957386638e-002,
       4.9286875002727415e-001, 5.6966191424651774e-004,
       6.8067009817369950e-001, -6.9731543116943989e-002,
       -1.6880342658334493e+000, 3.9598539191339516e-002,
       2.5597276702386585e-002, 3.7564698771446373e-002,
       5.5876029629763679e-001, 2.9922652416081962e-003,
       2.6355040968333965e-002, 1.5235700781807948e-001,
       5.4429927031193803e-001, 8.8394125480461031e-004,
       3.2388622562067607e-002, -1.8627439732883243e-002,
       5.7210872839877613e-001, 3.7390115424659567e-003,
       2.0841293654216797e-001, -1.3178914394931171e-001,
       7.1010880182913527e-001, 3.6711616007790819e-002,
       -2.2171503897142761e-001, 1.4096051888935351e-001,
       6.0315110352685264e-001, 4.4239086355159177e-002,
       4.4231243262434342e-002, 9.2931076813814184e-002,
       5.5521435049134749e-001, 1.8000485418174447e-003,
       9.2670597083826967e-002, 4.0120348037518017e-002,
       5.8636607371015093e-001, 3.0800567264492903e-003,
       -1.4199737721552483e-001, -5.3213452566638800e-002,
       5.0448523924707112e-001, 3.0822704385289479e-004,
       1.6142225711636371e-001, -4.8942934079735122e-002,
       6.7139000866749310e-001, 2.4163977564620395e-002,
       -2.4117024508528839e-001, 7.1225412623187809e-002,
       5.8530607653547562e-001, 1.4592771886669197e-003,
       1.9501021606188218e-001, -1.1838554568748809e-001,
       7.0078631553972837e-001, 3.3113756762063191e-002,
       -2.8274443867283783e-001, 8.3369580623537720e-002,
       6.8529909319485638e-001, 2.4026328017539007e-003,
       -2.1547490337937997e-001, 6.3671420034425136e-002,
       5.2317046793198363e-001, 1.1311160068610934e-003,
       1.6118349635634854e-001, -4.8796717258233695e-002,
       6.7029393310013829e-001, 2.4266054353179911e-002,
       2.7459269170170872e-002, 1.6277737178386364e-001,
       5.4314533185510072e-001, 7.1509536968714018e-004,
       -7.9716602018846533e-002, 7.6372688120369750e-002,
       5.0789308465884897e-001, 1.8913138890167211e-003,
       -2.5001231020682266e-003, 1.5680081058179923e-001,
       5.2841602290460332e-001, 8.6625131355078609e-004,
       1.9761904510080378e-002, 1.0818536718983399e-001,
       5.4585756830218046e-001, 1.9250406424103298e-003,
       1.0951213547560169e-001, 8.8091349662807253e-002,
       6.5735334487311192e-001, 2.0089960951404990e-002,
       1.5143694605012480e-002, -6.5341420704891545e-002,
       5.7361478250630815e-001, 2.6990598318486414e-003,
       2.1450011389699354e-002, 3.0330249758166294e-002,
       5.5903965373716158e-001, 2.4870376738214007e-003,
       -2.6497743065505086e-001, 1.6076250086710694e-001,
       6.9170547873167954e-001, 4.2915236506476523e-002,
       1.9187891988796640e-001, -1.1498888652060645e-001,
       6.9740891483532863e-001, 3.2992073409839229e-002,
       2.0186341905110254e-002, 9.2838202964195676e-002,
       5.4590033572837737e-001, 2.6025784364953723e-003,
       5.4172734323128857e-002, 3.2190872250651016e-002,
       5.7197479576977772e-001, 2.5550262765970323e-003,
       3.6170313295285708e-002, 3.7901673426508783e-002,
       5.6281020066752074e-001, 2.9104630216405967e-003,
       1.0675474586128819e-001, -1.7035344609570173e-002,
       -2.7180222927436737e-001, 1.2338972493644407e-002,
       -1.3661891878214011e-001, 7.2941288755999201e-002,
       4.6249495545374730e-001, 1.2136305197721173e-002,
       -1.2495695829331237e-002, -8.4341284300070041e-002,
       5.6553313875957145e-001, 2.4711836550459876e-003,
       6.3271060235719656e-002, 4.0368446329998191e-002,
       5.7364675495079831e-001, 2.6601883058392948e-003,
       -9.7087470373530410e-002, 1.5310742420524318e-001,
       4.9576691695790864e-001, 7.6006157923688309e-004,
       -1.6337802638995652e-001, 1.3209298711768461e-001,
       5.0675452969653001e-001, 4.7205919944346315e-002,
       2.4246556578920792e-002, 1.3772001101418085e-001,
       5.4431404255433202e-001, 1.6850046787910116e-003,
       1.0677634221000196e-002, 1.6392253333349976e-001,
       5.3500316182252172e-001, 5.1559786071496655e-004,
       -1.8022626923925827e-001, 2.7074584706631995e-002,
       4.2335786754265281e-001, 4.5425636786052487e-003,
       1.4196520089895567e-002, 2.2794548901958301e-002,
       5.5611381209938460e-001, 4.0907568568755394e-003,
       1.6142253719129236e-004, -2.5024188611887911e-002,
       5.5997335694955286e-001, 3.2243090220579469e-003,
       -5.1942940184322189e-002, -8.6872132366381305e-002,
       5.4922467076966752e-001, 2.1836299005235289e-003,
       3.6910751490198304e-002, 1.4904356074051281e-001,
       5.4972494598285682e-001, 1.2499301053167753e-003,
       -1.7250841211065324e-001, 7.2002504328389991e-002,
       4.1351990663413263e-001, 1.1289303682652282e-003,
       1.8682205863776216e-001, -1.0973873893859042e-001,
       6.9535181344928787e-001, 3.0549910338441476e-002,
       1.9274726011166660e-001, -1.8679362433621566e-001,
       7.0665010206317280e-001, 3.6377876833950329e-002,
       4.2332879109892446e-002, 1.6124827330825314e-001,
       5.5076552616983199e-001, 7.3130676942624205e-004,
       9.4306255788722343e-002, -5.7610727121291802e-003,
       5.9452225586550567e-001, 5.5331856437177192e-003,
       1.7586536759699796e-002, 1.5320269994704838e-001,
       5.4058433965290875e-001, 6.0183034247954193e-004,
       -1.1696197079353164e-001, 9.2638574444206631e-002,
       4.8845847602752668e-001, 1.3652597039536046e-003,
       -1.2444229927022366e-001, 1.4176090377315614e-001,
       4.7288970903732563e-001, 2.2332442750855864e-003,
       -1.4460196973588368e-001, -5.2838181778011264e-002,
       5.0316515189044220e-001, 6.3254446397471983e-004,
       -1.0512789961294935e-001, 1.3353752916709294e-001,
       4.8897047416379175e-001, 1.6355968135360001e-003,
       9.5659995865271144e-002, 1.0448353507865012e-001,
       5.7892879382985440e-001, 8.9578156565787775e-004,
       -2.0487724576260041e-001, 1.5856764258802256e-001,
       6.5007854839919244e-001, 2.3225449344526635e-002,
       6.0784810112072415e-002, 2.3871951696973685e-003,
       5.8036276527922581e-001, 2.7396255981604876e-003,
       1.8210963737794020e-001, 1.9543053886506562e-001,
       6.3734184997512788e-001, 3.6371762311111222e-003,
       9.6867850179105819e-002, -5.3010855165383569e-003,
       5.9456908554714727e-001, 5.7156120516052298e-003,
       7.8601800379937720e-002, 8.9315186372189680e-003,
       5.8653470896612880e-001, 3.1502640800952020e-003,
       -1.3156884216587544e-001, 3.0033589259888919e-002,
       4.8099978494872142e-001, 6.5279621506354156e-003,
       1.8728676817876871e-001, -1.1037552147490813e-001,
       6.9755593244883896e-001, 3.0016553168452181e-002,
       -1.9530046018966690e-001, 1.1344452757472395e-001,
       5.1164998991885313e-001, 1.9657818539085836e-002,
       9.4511394422678391e-002, 2.5234980080074597e-002,
       5.9367048620721596e-001, 2.1782189519161960e-003,
       -7.9881732803529143e-002, -5.8651554888073942e-002,
       5.3121503474346510e-001, 1.6241945841792948e-003,
       -2.6652006659909001e-002, -8.3779413625554022e-002,
       5.5960222551417238e-001, 2.8458316133375353e-003,
       -8.4338748157213927e-002, -2.4741915703435563e-002,
       5.2248179839051656e-001, 2.7285374502683864e-003,
       1.9909711906978173e-001, -1.8759365028824121e-001,
       7.1502603460288816e-001, 3.4439282116062529e-002,
       2.0019501318884902e-001, -1.2382622443893179e-001,
       7.0538968862686735e-001, 3.4063094844200004e-002,
       -1.7035408181092182e-001, 7.0685601047969657e-002,
       5.4644438109009696e-001, 2.1769909220154392e-002,
       2.1570988153956271e-002, 1.1884541370299721e-001,
       5.4593644417702480e-001, 1.7295324476991683e-003,
       7.4010778545886113e-002, 2.7549160747666217e-002,
       5.8118920685274911e-001, 3.1126385414342274e-003,
       1.8849507539853738e-001, -1.1010879702233407e-001,
       6.8155296035599544e-001, 3.7163860011026763e-002,
       1.9283501443615500e-001, -1.1498262973970080e-001,
       6.9039521536157444e-001, 3.6205047753041904e-002,
       -6.5642975541642251e-002, -6.3378365376174320e-002,
       5.4208451885656816e-001, 5.3135410577516791e-003,
       -1.8930808448890737e-001, 1.3666208620372028e-001,
       5.2621304001549163e-001, 1.9503898029669391e-002,
       3.0940197415105362e-002, 1.3398445817199903e-001,
       5.4743733868885425e-001, 1.5349853080250989e-003,
       -1.4268517275864903e-001, -1.2023292582384762e-002,
       4.7899542202829737e-001, 1.6218500855381972e-003,
       9.0439452527210279e-002, 5.0902607600923147e-002,
       5.8216714245484602e-001, 5.2034459741807917e-003,
       -2.1959891052170907e-001, 2.6892674669766758e-002,
       5.2365630774040794e-001, 3.1854447677431225e-003,
       -1.6016942148005292e-001, -2.4541875833089019e-002,
       4.7121144025920947e-001, 2.3909445249583616e-002,
       1.0947384116265538e-001, 1.3328470231628309e-001,
       5.8141881924736394e-001, 9.6953174413529715e-004,
       -1.1502233388181905e-001, 1.3988729344215584e-001,
       4.9318555626521560e-001, 7.0865478307115173e-004,
       -1.4157335729516246e-001, 2.2677379308932454e-002,
       4.9576970088285843e-001, 9.0462958248044463e-004,
       8.1366950153358888e-002, -2.2909991291113194e-002,
       5.9418575285664099e-001, 3.3428476242233995e-003,
       2.9788424658664758e-003, 7.9419679205290888e-002,
       5.4106547684441952e-001, 2.1314689946951510e-003,
       -4.9099016901512776e-002, -8.4815882155565570e-002,
       5.4980347592116408e-001, 2.1401245364008220e-003,
       -2.2384520417848477e-001, 5.9279570438666107e-002,
       5.2252810478401368e-001, 1.1910266820124610e-003,
       9.5100919820370999e-002, 9.6585358521150133e-002,
       5.7372775265007347e-001, 1.9738250952104960e-002,
       9.0679174133778684e-002, 4.8503269642146185e-002,
       5.8500319581224880e-001, 2.5690110420166805e-003,
       -8.1016607411196456e-002, 7.1283445477020507e-002,
       5.0722662986324440e-001, 2.4454545993207433e-003,
       -6.8298603518350071e-002, 8.8889915490445087e-002,
       5.0596645497690995e-001, 1.2199460392850259e-003,
       -1.3440252344699155e-001, 4.1540315076831265e-002,
       4.9221578464576510e-001, 2.6356751143240703e-003,
       -1.4355397195120428e-001, 1.3397343854696550e-001,
       4.7489174590285238e-001, 9.5352687098301391e-004,
       9.6332281830781324e-002, 3.0834651603176520e-002,
       5.9596037998064111e-001, 1.3534142288414007e-002,
       -1.4077667825695575e-001, -5.9108510523514367e-002,
       5.0750320029934115e-001, 1.5657826053765453e-003,
       -1.9555709840000035e-001, 9.6319224926785685e-002,
       4.6054738281017182e-001, 3.1223782234380025e-004,
       6.8776289969923370e-004, 1.2491330969372710e-001,
       5.3780136253066768e-001, 1.5553600231830325e-003,
       -1.6473314118110566e-001, 2.0771019393434460e-002,
       3.8599379090628561e-001, 4.0468504940649663e-003,
       6.3710765195166025e-002, 6.4137513883346903e-002,
       5.6919837084432712e-001, 2.4538157804453241e-003,
       1.4198357120963773e-001, 8.9824506340884791e-003,
       6.5332724169241896e-001, 1.1829374529087324e-002,
       -4.8785483970344073e-002, 1.0414931535225035e-001,
       5.1473569333054725e-001, 1.5128233521297576e-003,
       -2.0303798903384157e-001, 3.0631494233788706e-002,
       4.7948267036237724e-001, 3.1518146862593065e-003,
       -1.8374462479469007e-002, 7.5533037211497678e-002,
       4.3214800163024003e-001, 4.2781263853285487e-003,
       -1.8268134542399905e-001, 9.0907819346327606e-002,
       4.1814037134354076e-001, 9.3580246864517313e-004,
       -1.8546990465106653e-001, 1.0122044259972626e-001,
       5.8717826844444532e-001, 5.9734956901504932e-002,
       5.6341839985291020e-002, 6.6109279757826586e-002,
       5.6629065395102351e-001, 2.6793259872271804e-003,
       3.3611556203286902e-002, 1.6639489428230053e-001,
       5.4615288156352593e-001, 5.1022498460770753e-004,
       -6.5949260970605300e-002, -4.1591763859079797e-002,
       5.3526295269983160e-001, 2.5309658862776451e-003,
       1.6381381676991683e-001, 1.2110302324483350e-002,
       6.6268528989204811e-001, 1.9157613195908703e-002,
       1.3567278806530091e-003, 1.0367179861942045e-001,
       5.4025484424439973e-001, 2.0288384535967815e-003,
       1.6192906620723602e-001, 1.8055252424856899e-001,
       6.2845379277069358e-001, 3.5488121382415841e-003,
       -2.4408907930988551e-002, -7.4704088075528335e-002,
       5.5902103884870158e-001, 2.2470276292161514e-003,
       1.6066110497834879e-001, -9.0213338327033266e-002,
       6.7249533144163998e-001, 2.8531527305088993e-002,
       1.9871420816293262e-001, -1.8670934309612042e-001,
       7.1298402045297604e-001, 3.5124735916814601e-002,
       4.6226670748617534e-002, -4.4526957052131236e-003,
       5.7553150532028119e-001, 3.2715552377589911e-003,
       -4.4419650463135799e-002, -5.9689426966232417e-002,
       5.4723644895079326e-001, 1.7753862308328094e-003,
       2.0533704590441283e-002, 5.0178663889124925e-002,
       5.5331634703879107e-001, 3.7592340334257957e-003,
       3.2683221686687802e-002, 4.4913303471011926e-002,
       5.6031890913552407e-001, 2.8800997963096130e-003,
       6.8338336611599576e-002, 7.0755026979947400e-002,
       5.7059789654085646e-001, 3.1058264668739847e-003,
       -1.4175487673323833e-001, -5.3076973526213926e-002,
       5.0545771452839761e-001, 1.3986174920460424e-003,
       5.4614344035476700e-002, 1.3501879916002280e-001,
       5.5888579054043663e-001, 1.7961534458946879e-003,
       -1.8215682737954525e-001, 8.0562306251642735e-002,
       5.5953726362073175e-001, 2.7298286118379020e-002,
       1.6304266228451475e-001, -1.5815130560005303e-003,
       6.6474587274122454e-001, 2.0109587818689996e-002,
       1.8184597876918479e-001, -1.0408849470444026e-001,
       6.8256041530646283e-001, 3.3475413362543435e-002,
       1.6108672143590277e-001, -9.1739255076945539e-002,
       6.7616112461798483e-001, 2.6435527192787647e-002,
       -1.1238696818397323e-001, 3.5170827838672231e-002,
       4.9256723894652094e-001, 7.3866507373269805e-003,
       -9.0699419627840366e-002, -5.9769808551766709e-002,
       5.2094379924429224e-001, 3.5774110200372175e-003,
       -1.1876749714967458e-001, 9.2919906311753578e-002,
       4.8851972513409170e-001, 1.1755810157089443e-003,
       -1.4559417824040422e-001, 1.5464643079372398e-001,
       4.7823016016158615e-001, 2.6540348160485100e-003,
       4.9281954889794739e-003, -1.7313504526361559e-002,
       5.5482290585456551e-001, 1.4453420331393195e-003,
       6.4515904940925087e-002, 5.0704564959892381e-002,
       5.7306534301655310e-001, 1.8829490136826582e-003,
       -8.4562962644662065e-002, -6.2431475970009850e-002,
       5.3171492781173069e-001, 2.6381903581889177e-003,
       1.9139741889119526e-002, 1.5289806637269940e-001,
       5.4106968444478420e-001, 6.5229936120106381e-004,
       1.3745961251962874e-001, -6.2652107865369469e-003,
       6.5686625414233757e-001, 2.0402878587477767e-002,
       -1.4058557858309012e-001, 8.9930546623059521e-002,
       4.8680284754048203e-001, 2.2064531765689241e-003,
       -1.9389049541484918e-001, -1.0812816004955879e-002,
       4.6535886864697151e-001, 9.2713835724609988e-004,
       1.2353054900112004e-001, -2.9494654633568297e-002,
       -2.8915936873292492e-001, 1.3225416020976663e-002,
       3.4442964597375968e-002, 1.0420700889145765e-001,
       5.5259252769669098e-001, 2.4973982927165477e-003,
       3.0036464999463990e-002, 1.3276418663733119e-001,
       5.4733061867750943e-001, 1.8018375286359592e-003,
       -2.1712115346775865e-001, 7.9463976287899515e-002,
       6.3137920316044926e-001, 1.5999221420273210e-002,
       2.6407261307528018e-002, 1.1973431106982302e-001,
       5.5093239869388655e-001, 3.9667491342649912e-004,
       -3.6297693733942454e-002, -6.9255434410591512e-003,
       5.4041520974815815e-001, 2.3832118412257563e-003,
       1.5517296522019391e-001, -3.5781330448052637e-002,
       6.6541905780371624e-001, 2.3371472016296888e-002,
       -1.3702490576613168e-002, 1.6447190251105964e-001,
       5.2272450158777273e-001, 3.5856061746026321e-004,
       -1.3994838627910017e-001, -8.5678744770635133e-003,
       4.9657126665021123e-001, 1.2078909239461898e-003,
       1.7494396718197541e-001, 1.2985876365918517e-001,
       6.4409668212460836e-001, 4.6779193697845207e-003,
       -5.2195076941146813e-002, -5.8324183990522249e-002,
       5.4434505015029722e-001, 3.1675386296201704e-003,
       -6.8412189485106883e-002, 9.9003441027303407e-002,
       5.0833980625457231e-001, 1.8489909888375572e-003,
       -5.9434249695039423e-002, 1.0057082088540653e-001,
       5.1168754767320102e-001, 4.5238431210747486e-004,
       -1.1603886596003479e-001, 1.4078160299088105e-001,
       4.9883459422673826e-001, 2.1684302429775719e-003,
       1.4301987646181880e-001, 1.2968280321850833e-002,
       6.5313500428898030e-001, 2.0071681618847738e-002,
       7.8895736099171832e-002, -1.9305768583976923e-002,
       5.9201064171903628e-001, 2.4205649451631709e-003,
       -1.3273154048006729e-002, 1.1500329401994247e-001,
       5.3283589932202258e-001, 1.7553184198810076e-003,
       1.5567448146888095e-002, 1.4434231383109405e-001,
       5.3933328561292115e-001, 1.0652610748259116e-003,
       -1.4307253779351470e-001, 1.3369070471661845e-001,
       4.7227184386359466e-001, 1.9730623581070317e-003,
       -9.3464900242103549e-002, -1.7093156965851987e-002,
       5.2056829213133105e-001, 1.3294999534661338e-003,
       -1.6061328835285704e-001, 7.8657837702681144e-002,
       3.8701529394154999e-001, 1.5056821259765681e-003,
       1.6263340528146659e-002, -4.7259606648478517e-003,
       5.6339125360913578e-001, 3.4711838484144143e-003,
       4.1727878409305558e-002, 1.0425709445272462e-001,
       5.5541198580619011e-001, 2.6520083770765917e-003,
       -1.7119450224024674e-001, -3.1457550680770344e-002,
       4.8725316901629245e-001, 2.9964272763867185e-003,
       3.7753147196076406e-002, 1.7702883058206073e-001,
       5.4705833110216884e-001, 3.3003277797695636e-004,
       9.5396234800571134e-002, 1.0603729856717040e-001,
       5.7651855240970407e-001, 3.0246418605022808e-003,
       -1.2400750145610948e-001, 3.4092167702889781e-003,
       4.9792260971193814e-001, 1.1689565965077231e-003,
       1.3605831953293457e-001, -1.4711093562064844e-002,
       6.6802029498870241e-001, 3.8928835603064135e-002,
       1.7858637454198978e-001, -5.8319679607266202e-002,
       6.8211744223355808e-001, 2.2187377338486226e-002,
       1.5909958847487787e-001, 1.3466281297754829e-001,
       6.3680261270071870e-001, 3.9618761769876576e-003,
       -6.1247838654669318e-002, -5.8079901355424901e-002,
       5.4144963256926681e-001, 2.9203766461693139e-003,
       -1.0138833851661713e-001, 7.5186695824351224e-002,
       4.9873154189645080e-001, 2.3338779918484036e-003,
       -9.0189289363954067e-002, -5.9368449241897853e-002,
       5.2139951731244172e-001, 2.1230761833215309e-003,
       6.5794383420191255e-002, 5.4459462055688100e-002,
       5.7208844988756002e-001, 2.4250480653361796e-003,
       1.9450946111265149e-003, 1.2129316031258161e-001,
       5.3741248154404131e-001, 2.2725926085526509e-003,
       1.3628733531007242e-001, -1.4155522377217990e-002,
       6.6783691135427115e-001, 3.7701374179067965e-002,
       -2.2124764091537113e-002, 1.2935213826694242e-001,
       5.2770187614689590e-001, 7.5751031835651452e-004,
       1.7649758550220174e-001, -3.8752617062858749e-002,
       6.6464225396338872e-001, 5.7447855653646379e-002,
       6.6888383475093488e-002, 1.5491389495047866e-001,
       5.6527584129535979e-001, 7.3133275837879890e-004,
       1.7836463950267223e-001, -1.3947508632202307e-001,
       6.9084623644383192e-001, 3.1506444386830007e-002,
       1.4991029090550764e-001, 1.8449218210427629e-001,
       6.2230694882345894e-001, 2.2199268212723449e-003,
       -1.2965313170815790e-001, 1.4664429797397038e-001,
       4.9936914391043619e-001, 4.2148651516643702e-003,
       8.2533723677080034e-002, 1.4441603598080144e-001,
       5.7583595114291053e-001, 2.3557101090503955e-003,
       -2.7284994362920537e-002, 7.5768358545997977e-002,
       5.2837903213669057e-001, 2.2212695531165839e-003,
       1.4813109278749213e-002, 2.1116750617241227e-002,
       5.5651322362648070e-001, 1.7377742611090967e-003,
       1.3703490421558845e-001, -1.2899982518165980e-002,
       6.6855559352223937e-001, 3.4948139071117025e-002,
       -1.8534734988899576e-001, 1.0360296697548718e-001,
       5.7370046789525742e-001, 5.6018220550344063e-002,
       -1.5413940058995562e-001, -2.4270973207725539e-002,
       4.8852858466757393e-001, 3.1592624417430356e-004,
       -1.2705716198066358e-001, 9.2234196601020862e-002,
       4.8494942090587057e-001, 2.1383435020589018e-003,
       -7.8163824629749190e-002, -4.8448206308557305e-002,
       5.3070784408278238e-001, 2.4319832991074384e-003,
       -1.5433567278136720e-001, -2.4184600723412740e-002,
       4.9062156928552458e-001, 6.4109009095179262e-004,
       1.2917894702593438e-002, 1.1521608897461125e-001,
       5.4308994299956359e-001, 1.9793404075722069e-003,
       5.9383671349788218e-002, 3.4700219018756667e-002,
       5.7308500821282438e-001, 3.2711599276780200e-003,
       -1.6392795614421579e-001, 1.2568743050917222e-001,
       4.6903395885325982e-001, 1.7638063240099206e-003,
       1.4989140887244651e-001, 1.8128719406447003e-001,
       6.2261412111445247e-001, 1.8224067153995937e-003,
       -9.1124790279225376e-002, -6.0127108569536333e-002,
       5.1880411627317691e-001, 5.5220118914036682e-003,
       2.0418740085109657e-002, -7.0920907589300045e-002,
       5.7643723124376356e-001, 2.4647065808161041e-003,
       1.5834914849242979e-001, 6.7953593589012262e-002,
       6.5110619832654648e-001, 1.1092390535598851e-002,
       -1.0294925723162071e-001, 1.2976749080775885e-001,
       4.8143957671255533e-001, 5.0375520899634289e-003,
       -8.4501970833239834e-002, -1.7330405506043006e-002,
       5.2130549589094999e-001, 3.6420925672804435e-003,
       1.5403092057069270e-002, 1.2947669365555839e-001,
       5.4009959571832478e-001, 6.8303510184330584e-004,
       -2.5374155898927608e-001, 6.7402796128030545e-002,
       5.9427040070144477e-001, 2.8929846020651264e-003,
       -5.6978873890226163e-002, 6.2192829066010792e-002,
       3.7780502167402524e-001, 8.1621418665042290e-003,
       -1.2540000241963906e-001, -6.1031980077427342e-002,
       5.1547532011427188e-001, 4.0706707073368150e-004,
       -5.6244258634945707e-003, 1.3819752038335154e-001,
       5.3032643606953145e-001, 4.8143433492199599e-004,
       4.5598111621148296e-002, 4.6822613991005547e-002,
       5.7894456673141259e-001, 1.5508410901199545e-003,
       1.7558727604272867e-001, -1.2438390977640357e-001,
       6.8616903625459158e-001, 3.0349604981508852e-002,
       -5.3745154714972515e-002, -1.2550649221570939e-002,
       5.3523451560738988e-001, 2.6155799591741843e-003,
       1.6309740890121660e-001, -1.6646658558544851e-002,
       6.6447883702990262e-001, 2.2623926785453961e-002,
       -1.9161696462349875e-001, -2.9281273353889060e-002,
       4.8062492252978295e-001, 1.1664399760940772e-004,
       9.3483476593767628e-002, 2.1087527083690293e-002,
       5.8691769681518791e-001, 7.1484432171980347e-003,
       -1.2018669267478109e-001, 8.4423917084493774e-002,
       4.9245205437084000e-001, 1.7234595917013252e-003,
       -9.5522827922950512e-002, -7.3178720769498329e-002,
       5.2715577456479179e-001, 5.0679807496275804e-004,
       1.7754468363121012e-001, -1.5587353150525955e-002,
       6.7561941124180169e-001, 2.4299386709988120e-002,
       1.0032076915653471e-001, 1.5770429680028758e-001,
       5.8649094196995244e-001, 4.5224637253639193e-004,
       8.3850268760154612e-002, 1.7441908620635360e-001,
       5.7511996047548197e-001, 9.9222452057550923e-004,
       1.3574411533319355e-001, -1.5545805047856541e-002,
       6.6846219634108495e-001, 4.0779104583658049e-002,
       -8.4286828533306032e-002, -3.9197892121224501e-002,
       5.2692003928386666e-001, 1.5038640979650188e-003,
       1.9546990540342568e-001, -1.7453658059678978e-001,
       7.0500385880939198e-001, 3.4370735334120640e-002,
       2.4140863180795984e-002, 7.1341986395318746e-002,
       5.5134752960047140e-001, 2.6419429803466571e-003,
       -1.5272028561742748e-001, -2.4257887983327696e-002,
       4.9320710066948142e-001, 2.1872060103555723e-004,
       1.7470887083268610e-001, -1.0492649719314305e-001,
       6.8683877572803798e-001, 3.0058939229436810e-002,
       -7.6666764147019739e-001, 2.7909690144389143e-001,
       1.8261687074542134e+000, 5.1144167595985689e-002,
       4.7340408559663500e-003, -6.8555072763860608e-002,
       5.6913723792507476e-001, 2.2942556804198457e-003,
       1.3818238595401311e-001, -8.7717943779573402e-003,
       6.6522085042549572e-001, 2.5907752957869783e-002,
       -1.6873260286319780e-001, 8.1634967928440105e-002,
       4.1017919081275384e-001, 3.2426226839449837e-003,
       1.8722775182891058e-001, -1.3640777782428853e-001,
       6.9681562514551354e-001, 3.1546269201308881e-002,
       -2.0083306405308510e-001, -1.8562510451561827e-002,
       4.7189500251281735e-001, 5.5827443071002048e-004,
       1.5248562102729513e-001, 1.0428377374255449e-001,
       6.3899392351624451e-001, 5.6924667241575830e-003,
       2.3617454800582222e-001, 1.2851339355434643e-001,
       5.8873793011447162e-001, 6.3017263037274410e-002,
       1.1736578042297583e-002, 1.2398939980732415e-001,
       5.4084559757129491e-001, 2.0720123495216250e-003,
       9.0830533853811443e-002, 1.6347059468723768e-001,
       5.8039567401394887e-001, 1.6535871814844908e-003,
       -3.9531081989823802e-002, -2.6487303096896536e-002,
       5.4300364938351198e-001, 1.9923716448087569e-003,
       1.7063732169069290e-001, -9.5606831083485305e-002,
       6.8133800833826685e-001, 2.7921118658232925e-002,
       1.6264743050651437e-001, -6.7212711522926710e-002,
       6.7789697909087687e-001, 1.3232999678454344e-002,
       1.1175714440839409e-001, 1.3723077890865631e-001,
       5.9352574173011607e-001, 1.2936968594341185e-003,
       6.8121256345222647e-002, 1.6252511676037362e-001,
       5.6503636656897727e-001, 8.9569092877593451e-004,
       -2.2445526220232259e-001, 3.3450027681050321e-002,
       5.4669714892503773e-001, 1.4286101224797213e-004,
       1.5358514824061117e-004, 1.6658493469763994e-001,
       5.2778333363534635e-001, 8.6632876363654883e-004,
       1.9655296686859869e-001, 8.0172707173544414e-003,
       6.8052809722247776e-001, 2.1572131976008487e-002,
       -2.1952891316743953e-002, 1.4732009477248187e-001,
       5.2228790516149071e-001, 1.6704145716756687e-003,
       1.8726221427697756e-001, -1.1627345191378971e-001,
       6.8367282330403356e-001, 3.7761139724391150e-002,
       4.8421105837515542e-002, 1.3533312566217331e-001,
       5.5526411562517319e-001, 1.7039648168221077e-003,
       3.7662415596490723e-002, 1.4724508179838839e-002,
       5.6586322791566412e-001, 6.0081349182735614e-004,
       5.0171999172290982e-002, 2.7192969185830231e-002,
       5.7097471213014983e-001, 3.3138119995849450e-003,
       4.7620350988413732e-002, 3.3883103927294447e-002,
       5.6871066979816554e-001, 2.3104116711570484e-003,
       -3.3361487152677893e-002, -8.6335319325768767e-002,
       5.5672127577452279e-001, 1.3622904605095115e-003,
       -2.3591509662788884e-001, 7.7573384309528579e-002,
       5.4936277101664333e-001, 1.9528345247134932e-003,
       1.3596632699775563e-001, -1.3878430036020743e-002,
       6.6569979819307323e-001, 3.7067139205524291e-002,
       -1.2432330949994522e-001, -6.0427267995918965e-002,
       5.1524073982015151e-001, 1.8554294482725721e-003,
       -7.9680179987460825e-002, -1.4790960285592712e-002,
       5.2312010777230156e-001, 2.7823517165807628e-003,
       1.4363118571936707e-002, 4.9039967320838151e-002,
       5.5137272695503803e-001, 1.2789978952665231e-003,
       1.2159190430814774e-001, 9.4551055367201597e-002,
       5.9690533581957261e-001, 2.9567753688223455e-003,
       7.7725629939327051e-002, 1.0105763034225643e-001,
       5.6941571387744849e-001, 1.7755588387682840e-003,
       3.3501749253312886e-003, -1.1594688482668399e-002,
       5.6005034657541097e-001, 3.5014338194860137e-003,
       -2.0654357465478817e-002, 2.7267275463167699e-002,
       5.4294805443542060e-001, 1.7491999918280877e-003,
       -1.9880948716707128e-001, 1.0622424833938254e-001,
       6.1955054717205205e-001, 6.6858000170354689e-002,
       -1.2462454002802362e-001, 1.0218646571911963e-001,
       4.9030108884997736e-001, 1.8627889593323401e-003,
       -1.4946303202445843e-001, -2.9621812072484245e-002,
       4.9531754512399440e-001, 4.6739888776118808e-004,
       -9.1834361688392555e-002, -4.1627773539344083e-002,
       5.2518542146515079e-001, 1.9028543144938455e-003,
       1.4041044437728295e-001, 1.3081434098831755e-003,
       6.5730851099205467e-001, 4.2714014162415293e-003,
       -9.5855001686206059e-002, -6.3921590063529862e-002,
       5.2162671370513736e-001, 3.7934828562221018e-003,
       -6.9073464048542588e-002, -4.9306810179007732e-002,
       5.3518628889402398e-001, 2.6246785490462608e-003,
       -6.6332289596857330e-002, 4.6035673336884138e-002,
       5.1814923813709723e-001, 2.0837320590093317e-003,
       -1.4178855728183509e-001, 1.3994004655734771e-001,
       4.7066002817666908e-001, 2.8794980092137074e-003,
       -8.2353653071196534e-002, -2.1524458844955865e-002,
       5.1835417878124868e-001, 4.6110908185675861e-003,
       -1.7105088902882266e-002, 1.3410981450089299e-001,
       5.2507793472632480e-001, 1.3816717008969539e-003,
       3.7608182443812518e-002, 1.2974773560216946e-001,
       5.5001798571474247e-001, 1.3800416521761040e-003,
       1.3340393087673654e-002, 1.1148198367994915e-001,
       5.4269379525577788e-001, 1.4253271253002299e-003,
       -1.9641467977420035e-001, -2.0560297395603742e-002,
       4.8481030459747848e-001, 3.3743521334485792e-004,
       4.8960246813932046e-002, 1.5103578005881310e-001,
       5.5510517209019261e-001, 1.7077979546612589e-003,
       7.1291435673273312e-002, 1.2335089185416950e-001,
       5.6838224935270620e-001, 2.4460617379052181e-003,
       -1.1431373617054452e-001, 1.4631322516782219e-001,
       4.9890586656821412e-001, 2.5954308282254606e-003,
       1.8583633534783484e-002, -8.6389606291331161e-002,
       5.8012529356718034e-001, 9.5678712358123025e-005,
       -9.1906280818252112e-002, -4.0359746654531792e-002,
       5.2420210201230355e-001, 1.6633202252912438e-003,
       -9.9641278058046262e-002, -4.1462117900244955e-002,
       5.2220851381342692e-001, 1.4435828073547433e-003,
       -4.4693189165071132e-002, 1.0559793096222124e-001,
       5.1645236401389094e-001, 2.1024175696748499e-003,
       -1.0232473223583667e-001, -5.8415589286244775e-002,
       5.2099900097255558e-001, 1.3198866032794927e-003,
       -1.2700796991957752e-001, -1.0363594806987210e-002,
       5.0289077228346524e-001, 1.3272441236013828e-003,
       9.8269094115977396e-002, 1.5247747880709131e-001,
       5.7393776474634195e-001, 3.1500716382809211e-003,
       -1.2074631119896567e-002, -8.4014512494776095e-002,
       5.6692505022671325e-001, 3.8651076994484241e-003,
       -9.0073382691138626e-002, 4.0115610780748143e-002,
       5.1522713022860067e-001, 2.2955654812491380e-003,
       -1.0947562759265597e-001, 1.4110644630205646e-001,
       5.0884974583428200e-001, 1.2176878869786425e-003,
       -1.2045314194924708e-001, -1.6456593451295631e-002,
       5.0746290302818853e-001, 1.6950516274864813e-003,
       1.4999878344830742e-001, 1.8369363619130502e-001,
       6.2247155935095944e-001, 3.8572441239165594e-003,
       -1.2267118852721659e-001, 9.0228003333856444e-002,
       5.9819576131665908e-001, 1.5646263728281016e-002,
       3.6933631120913454e-002, 1.6172690587963579e-001,
       5.4813873543051073e-001, 1.7851845639515939e-004,
       1.9466118864838994e-001, 1.0091510625393839e-002,
       6.7959872152178513e-001, 2.0880065627443434e-002,
       1.3722807929047420e-001, -1.4058194203436167e-002,
       6.7204987616829615e-001, 3.7534043258630814e-002,
       -1.7636360089905245e-001, 1.3929290960561724e-002,
       4.6996609735649064e-001, 4.5349710146448067e-003,
       5.7013677316061141e-002, -1.0069382330643098e-002,
       5.8162887887591563e-001, 4.5935317429992174e-003,
       3.7816733842598788e-002, 1.4887371267683253e-001,
       5.4996849893245803e-001, 6.4435161620832767e-004,
       7.8515290738232046e-002, 8.1881008488554757e-002,
       5.3887245072656764e-001, 2.8664019054161351e-002,
       -6.2431952462893597e-002, -4.5717180869726537e-002,
       5.3799544919789655e-001, 2.6901945722200321e-003,
       2.3984948692958369e-001, 8.5574459609735504e-002,
       6.1009339013278785e-001, 3.9018421377424763e-002,
       8.1623771844252901e-002, 1.5697194313316326e-001,
       5.7473685299954280e-001, 1.0094852044294274e-003,
       -7.9731956221682179e-002, -1.3476795829667881e-002,
       5.2305215823150064e-001, 2.7121662116042630e-003,
       5.1579072452678128e-003, -6.8120099118585242e-002,
       5.7025740846712702e-001, 3.7019806834980382e-003,
       8.2622231971654719e-002, 1.6895482443022752e-001,
       5.6495270535577879e-001, 5.5828744526826785e-003,
       2.0567673775472833e-002, 1.6488775433971584e-001,
       5.3941076145103017e-001, 1.6330673318581347e-004,
       5.6437148413771392e-003, 1.5683617453944379e-002,
       5.5518339326500965e-001, 2.1599983286438615e-003,
       -6.6103614853461168e-002, -4.1918510707738950e-002,
       5.3222105122501828e-001, 9.8679016048241249e-004,
       5.1261833424920147e-002, 1.4425571670006526e-001,
       5.5699575310510263e-001, 1.1241675032554802e-003,
       1.2857948066141950e-001, 1.2820970252926125e-001,
       6.0256249628648151e-001, 2.9514284367071660e-003,
       1.4978344403173133e-001, 1.8621191131078563e-001,
       6.2225659967920566e-001, 1.1346586148834642e-003,
       -1.0925604690670193e-001, -6.3176056391609933e-002,
       5.1845614934753126e-001, 1.3499299882292540e-003,
       4.7213925319082736e-002, 1.7303162514295431e-001,
       5.5314972998727119e-001, 4.1096669421713383e-004,
       1.4492563103205722e-002, 4.9567402244318992e-002,
       5.5019443443175575e-001, 2.5752317012316759e-003,
       1.7236552501549646e-001, -1.7634253222517107e-001,
       7.2623918941023136e-001, 7.5614317697212483e-002,
       1.5028498556106160e-001, 1.8002603574203635e-001,
       6.2391157008603360e-001, 4.9932210707799886e-003,
       -7.0826738816207935e-002, 3.0343887937753406e-002,
       2.1032505842855884e-001, 1.4469192499814317e-002,
       2.0650852684874432e-002, 6.2570077240964875e-002,
       5.5219404355255242e-001, 2.8870552143697016e-003,
       1.0292776907332961e-001, 1.6214625595513954e-001,
       6.0184124012097562e-001, 1.0745786525453195e-003,
       2.0132103684909775e-001, -1.6827377351092432e-001,
       7.1114644665380955e-001, 4.3925906848497724e-003,
       1.3903055899464353e-001, 5.1497167409732078e-002,
       6.1355696326895171e-001, 9.7803585127902021e-002,
       2.4789233993484101e-002, 1.2834766303063327e-001,
       5.4715501656957932e-001, 1.5885689435309507e-003,
       -5.6289831378078838e-002, 1.6059173359952189e-001,
       5.0699349900588475e-001, 1.7861818055221946e-004,
       -1.0284996457972428e-001, -5.8825474633433475e-002,
       5.1973700331413331e-001, 5.3564918970598965e-004,
       9.6303200097424907e-002, 1.4428675611918212e-001,
       5.8366206318244596e-001, 4.4375546061019115e-004,
       1.2206072443695435e-002, -8.4353528045546855e-002,
       5.7785937550797861e-001, 5.7898834097940182e-003,
       2.2124721899454775e-001, -8.6286135128603059e-002,
       7.0307072896475953e-001, 3.2108766560997495e-002,
       -7.7086670830700962e-002, -4.5072647754581474e-002,
       5.3080707800448379e-001, 2.8942075092297905e-003,
       1.5521462363869537e-001, -2.1514225495272959e-002,
       6.6251236726324869e-001, 2.4408695029717844e-002,
       -1.0424013691853140e-001, -4.9521875444696786e-002,
       5.2108370323473074e-001, 2.0062547410971631e-003,
       8.7967722605641133e-002, 1.5302173690428147e-001,
       5.6026176398016336e-001, 1.0840335905252789e-002,
       -1.6241017260629037e-001, -1.6080094688530437e-002,
       4.2778012372449514e-001, 8.1335420917256304e-002,
       2.1561841908485027e-001, -1.2526443078511568e-001,
       7.2883917608362081e-001, 2.5151250352857337e-002,
       9.6058840080363986e-002, 1.4099905743097746e-001,
       5.6735998572069690e-001, 6.7044944551722741e-003,
       1.7580499047059900e-001, -8.2851143658933882e-003,
       6.7431187620208222e-001, 2.2436108979765192e-002,
       7.1807079139938446e-002, 1.7658362005302902e-001,
       5.5815466829213567e-001, 6.4993478760734542e-003,
       -9.3519048626387408e-002, -6.1899743268213250e-002,
       5.3475655099777875e-001, 7.7966183779195923e-003,
       1.5396493893025459e-001, 1.0179847798739407e-002,
       6.5831151531342047e-001, 1.8947547628146065e-002,
       3.4092720970738108e-002, 5.7683918265282380e-002,
       5.5883435155927386e-001, 2.3512080236585452e-003,
       1.5888469672107906e-002, -5.6321603989285323e-003,
       5.6484453114107680e-001, 1.5073566049663418e-003,
       7.0863671119755278e-002, 1.5540104600262095e-001,
       5.6674437896268881e-001, 9.5335085583920381e-004,
       1.4478160654035929e-001, 6.0706748419141643e-002,
       6.4361570012316605e-001, 1.2190997862658513e-002,
       -9.7630035746711197e-002, 9.9648865959207786e-002,
       4.9827545567781162e-001, 1.1212400644783655e-003,
       -1.8903352596418393e-001, 1.0909576456845678e-002,
       4.5472095124157863e-001, 9.4427122684474449e-004,
       8.5364420234062474e-003, 1.3976206553773607e-001,
       5.3839313303270075e-001, 1.5070890741873436e-003,
       -1.2636464035946490e-001, 1.0356724384851010e-001,
       4.9716050471210571e-001, 1.7931884175645012e-003,
       2.0493717967603603e-002, 1.6486693326673163e-001,
       5.3859200906364180e-001, 6.1113857337573394e-004,
       -8.2740455041123234e-002, -4.9165158797633980e-002,
       5.2860609916724366e-001, 2.4730198534781023e-003,
       -9.6130060598869832e-002, 6.6128865171943357e-002,
       6.0322729261867236e-001, 1.3405397555857790e-002,
       6.7293162266701234e-002, 1.3615239693675435e-001,
       5.6628889604437216e-001, 2.4554685874512796e-003,
       -8.3087129833627676e-002, 2.4039738366844858e-003,
       5.2005378073243147e-001, 1.7840586672712066e-003,
       1.3205025552367359e-002, 1.7353799024225974e-001,
       5.3553040488976200e-001, 6.6409192850253745e-004,
       1.1938773317003808e-001, 1.4171944508708811e-001,
       5.8338454037099918e-001, 9.4330750924451938e-004,
       1.5964095391201516e-001, 5.9639773488325026e-002,
       6.5340847399136037e-001, 1.0929265659838034e-002,
       1.9391553603237399e-001, 2.1833799510272145e-004,
       6.8073107004442768e-001, 2.2158702602531173e-002,
       -9.3155562361877775e-002, -9.3248390829191036e-003,
       5.1603062760805696e-001, 2.8414217555326705e-003,
       1.6293874553313059e-001, 2.2376127856675386e-002,
       6.5979716787614517e-001, 1.7477519199551379e-002,
       -8.4729116460219966e-002, -3.2208141670847110e-002,
       5.2354513943840320e-001, 3.3184114435227652e-003,
       1.2282425711259043e-001, 1.1907728275085132e-001,
       6.0051904185999061e-001, 2.9597228900850900e-003,
       1.9774571433082883e-001, -1.7924768613206982e-001,
       7.1667479502644671e-001, 3.0848023123694786e-002,
       1.5592321767069039e-001, 8.0974021186052014e-002,
       6.4765497257694937e-001, 1.5098467442124074e-002,
       1.9086695791203034e-001, -1.5259762243723274e-001,
       6.9907765183122572e-001, 3.6182861855682112e-002,
       2.1208187329298037e-001, -1.2115782703218000e-001,
       7.2331799767590144e-001, 2.5753297948576281e-002,
       -1.4417712594585680e-001, 1.3352178655495481e-001,
       4.8191592569316266e-001, 4.3496936386033472e-003,
       -1.5036680453805823e-001, -3.8849375577830414e-002,
       4.9557523006438814e-001, 9.8853667785655055e-004,
       -2.1400054317027856e-001, 3.1410873656502220e-002,
       5.4702215484992611e-001, 6.8120269695918084e-002,
       1.9097741010720118e-001, -7.2168126188843940e-002,
       6.5412133633973168e-001, 1.0504692553915305e-001,
       1.6430087331682242e-001, 3.2574511327699431e-002,
       6.6010961896536524e-001, 1.3459108355538846e-002,
       -7.2959730159819186e-002, -1.2139633692134038e-002,
       5.2650299920271804e-001, 2.3650651841783474e-003,
       4.4478824278625713e-002, 1.4713468964158555e-001,
       5.5380894235287603e-001, 1.1882646759559282e-003,
       -5.8850309707756093e-002, 1.4193850380640468e-002,
       5.2840365457713734e-001, 1.6983239756917135e-003,
       4.6224692593411748e-002, -3.0314078229526940e-002,
       5.7998911563994282e-001, 5.0276447814530008e-003,
       5.7453899078227101e-002, 3.0799546761412635e-002,
       5.7255124643505295e-001, 2.5663943205153270e-003,
       2.1162823760558108e-001, -1.2040010855432390e-001,
       7.2101579377713365e-001, 2.4806288154595842e-002,
       1.6418342280024964e-002, -4.3344795176182768e-003,
       5.6263908711660460e-001, 4.3140684431980424e-003,
       4.1859174527043061e-002, 1.7315913758540746e-001,
       5.9611908794008461e-001, 3.0881202771377032e-002,
       1.6182364877822258e-001, 1.8131139279870770e-001,
       6.2818225635375935e-001, 1.9297197914962308e-003,
       1.1731097875979837e-001, 1.3472410910104826e-001,
       5.9619189156660024e-001, 1.8710399378130452e-003,
       1.3868805868693668e-001, -4.6206852499212549e-003,
       6.5953435481915557e-001, 1.6900964092350406e-002,
       -1.5852249912825633e-001, 4.9919817755289267e-002,
       4.2809151363340259e-001, 7.2657336901011688e-003,
       1.5118995450982495e-001, -4.9410936457996699e-002,
       6.6641403619633666e-001, 2.2838171271210198e-002,
       -2.0279132127853208e-001, 2.9198388911563868e-002,
       5.1242186904913001e-001, 6.8267605366804013e-002,
       -6.7261928640997351e-002, -6.4839183723972182e-002,
       5.2915867940597949e-001, 3.3971523599087617e-003,
       1.9375978213750589e-001, 1.7983139327893616e-001,
       6.4336955343407287e-001, 2.2384570826560488e-003,
       7.3384400702275032e-002, 1.5450076283107697e-001,
       5.4633534561526476e-001, 2.1203684152188061e-002,
       -1.0890707281661596e-001, -6.2937258169131427e-002,
       5.1919300686608494e-001, 1.8181547776288117e-004,
       1.5926215662928223e-001, 1.2723998724337310e-001,
       6.4390416233537273e-001, 2.0863597541552581e-003,
       -1.3051816756982531e-003, 1.4042109781607279e-001,
       5.3160337463724350e-001, 5.9746388665309622e-004,
       3.8741406450304841e-002, -9.9722034786012007e-002,
       5.9404840626819666e-001, 7.9572927324855064e-004,
       -2.6255934770673756e-001, 1.7517056881150295e-001,
       7.3038047568257314e-001, 9.6953202882134445e-004,
       -7.5311307887534526e-002, -3.5904347518215585e-002,
       5.2995105650665963e-001, 5.6108519159700343e-005,
       1.7331258162101998e-001, -1.5638463644571654e-001,
       7.0231802609435678e-001, 1.1841868144367728e-003 ]
