%YAML:1.0
current_middle_points: !!opencv-matrix
   rows: 783
   cols: 4
   dt: d
   data: [ -4.2196533407762773e-003, 1.2993357236913122e-001,
       5.0660408473938681e+000, 5.4511837584044209e-002,
       -1.4924373059503795e+000, 2.3079994645345614e-001,
       5.0238918133700921e+000, 7.4688490069848706e-002,
       -8.8861686751950142e-001, -1.1576516058587012e+000,
       5.3716381292088293e+000, 6.1715102797746495e-002,
       -1.2764659965682941e+000, 2.3266444873908779e-001,
       5.0159953598152311e+000, 7.0230287255311080e-002,
       2.8309644797972050e-001, -1.6606580724850497e+000,
       5.3886325793211425e+000, 5.8219301831908300e-002,
       -4.4280494201796150e-001, -1.3205444049201120e+000,
       5.3627032826998065e+000, 6.4015381395688978e-002,
       -5.2003500536518887e-001, -1.2321665615135520e+000,
       5.3610255217308094e+000, 6.0563734468884432e-002,
       -6.5865011363482751e-001, -5.5777629572104748e-001,
       5.2774473473062304e+000, 6.1837877850970585e-002,
       -1.6129391559328907e-001, 1.3446315042586168e-001,
       4.9947129807844952e+000, 6.2933312503118344e-002,
       5.1880431171552766e-001, -1.8248644110401160e+000,
       5.5597601074005691e+000, 6.5245167868464557e-002,
       -1.5535383867691670e+000, 2.0598399542804655e-001,
       4.9660824307320208e+000, 5.4844163435160617e-002,
       -3.3619583068011727e-001, 1.4730265073835151e-002,
       4.1270973472426515e+000, 4.5143027845575362e-002,
       1.0510541046743943e-001, 1.1635919770539258e-001,
       5.0497992279938009e+000, 5.1092375286933139e-002,
       -1.9211174776641191e+000, -1.3940112476790258e-002,
       5.0658341612186764e+000, 6.0871235538558409e-002,
       -7.3814762966341396e-001, 1.2728735181387929e-001,
       5.1498160384789973e+000, 6.3990474726253910e-002,
       -9.5307929312198181e-001, -1.1930990199918845e+000,
       4.1323033762083892e+000, 6.2014861328488613e-001,
       -1.1843634930899469e+000, 9.8654586482401094e-002,
       4.2821824019874466e+000, 6.0596602731284678e-002,
       -3.6088020474536120e-001, -1.0124473855411723e-001,
       5.1482868282096010e+000, 5.9781397599175140e-002,
       -1.2222181756291688e+000, -5.2249861548162069e-001,
       5.2525589166620605e+000, 6.5025565939935290e-002,
       1.6552687279233075e-001, -1.3134331489890272e+000,
       4.2383913356203493e+000, 5.4456259202780521e-002,
       -1.5991569543959216e-001, -2.1356645324749995e-001,
       5.1832310887562212e+000, 5.9721982717142123e-002,
       -2.5145598380657019e-001, -1.7272672180097332e-001,
       5.1560592724168552e+000, 5.9120919089652890e-002,
       -3.9066169268164330e-001, -1.1383009508527431e+000,
       5.3100147746400799e+000, 6.7476309276958760e-002,
       -1.5868063331432256e+000, 2.0402848646876573e-001,
       5.0697145408230284e+000, 6.8579494579455585e-002,
       5.1543092515352362e-001, -5.2867992369190708e-001,
       5.1354698135363854e+000, 5.1157798766618148e-002,
       -7.4593146201300142e-001, 2.4299810823472365e-002,
       9.1000609817861360e+000, 1.1665664812029447e-001,
       -1.3730490334281713e+000, -3.0571920313152118e-002,
       5.1232278927661792e+000, 6.5429078995790452e-002,
       -2.2040237106179769e-001, -1.0210830179274738e-001,
       5.1441725025672271e+000, 5.5301992494509213e-002,
       -1.0531514782278228e+000, 2.3112543297189792e-001,
       5.0899696960442462e+000, 6.5756981809513143e-002,
       1.0850927048130440e-001, 1.6330651277700131e-001,
       5.0685526016730389e+000, 6.0598755287848957e-002,
       -1.5797722016656635e+000, -1.0939296444093555e-001,
       5.1426066619863064e+000, 6.6624756981385105e-002,
       -1.1148935880395392e+000, -1.7171189490391936e+000,
       5.5527742157308051e+000, 6.3053283713170941e-002,
       1.6080400604545513e-002, -1.2498183265609115e+000,
       5.2876381510946535e+000, 5.6454831873974716e-002,
       -1.9074726300009033e+000, -1.2200980316844805e-001,
       5.0714283609517015e+000, 7.2626241184125043e-002,
       7.8798708079970736e-001, -8.4961930354193993e-001,
       5.1024974190136287e+000, 6.1678185005281418e-002,
       4.0629026001462071e-001, -1.8297059351080820e+000,
       5.5655158409365360e+000, 6.4980131172968497e-002,
       -1.7520000205065553e+000, 2.5494366981620908e-001,
       5.0703979911757990e+000, 7.4970066875602426e-002,
       -6.6426971390943890e-001, -5.2515574149197330e-001,
       5.2598713248650792e+000, 6.1746687567935332e-002,
       -5.0780027948422712e-001, 1.8642659459483672e-002,
       6.2174073008579827e+000, 7.5265695653692316e-002,
       -1.8476740871797181e+000, -1.7545373397669284e+000,
       5.5329216121523279e+000, 6.8538783652969629e-002,
       5.1342707503819662e-001, -1.8075183087809741e+000,
       5.5032575762796334e+000, 6.6879531344821594e-002,
       -1.6583019057656373e-001, -1.3552273088488229e-001,
       5.1441416078476916e+000, 5.7122084921554454e-002,
       6.8602283935270081e-001, -4.9169719550204594e-001,
       5.1152293603781986e+000, 5.4346644267264127e-002,
       2.2598860165898929e-001, -1.3324220291463007e+000,
       5.3435637330533154e+000, 6.2824146627686289e-002,
       -1.3776961332869377e+000, -1.0964743762255127e+000,
       5.4336892055318966e+000, 5.9826700398783558e-002,
       -1.0506284258836791e+000, 3.8619126014144972e-001,
       5.1540585446835880e+000, 7.6195138387990399e-002,
       -6.6303326209563840e-001, -5.9631704284141251e-001,
       5.2838566288899038e+000, 6.1958692776645327e-002,
       -1.9058633926219981e+000, -2.6192786761398967e-002,
       5.0199670625237749e+000, 8.5333085413687337e-002,
       -8.0993872857457538e-001, 1.7725283760612082e-001,
       5.1755678610781910e+000, 6.8149678425563812e-002,
       -1.5026982510217726e+000, 2.6817312501740814e-001,
       4.9873724795645664e+000, 7.4742733195992631e-002,
       -3.0524487740042155e-001, 3.2016853567476931e-002,
       5.0867173452985490e+000, 5.6644220846267246e-002,
       1.3122071522280532e-001, -1.4201507994887468e+000,
       5.3527667656235387e+000, 6.5681616786077479e-002,
       -4.8254216849337103e-002, 2.8439711935222108e-002,
       8.3001274594088006e+000, 1.0195156944919245e-001,
       -4.0925184917806545e-001, 1.7860649384377156e+000,
       -5.1504758118331511e+000, 2.4366155137279938e-001,
       -1.4992194644233057e+000, -1.5309824904844158e-002,
       5.1276270987921491e+000, 6.6916821931075343e-002,
       -1.3193230045844337e+000, -7.8300361253251322e-002,
       5.1296572013263440e+000, 6.3427952029186996e-002,
       -2.9214167293806004e-001, 1.7162574543678366e-001,
       5.0956586519838005e+000, 6.3933199580331543e-002,
       -4.1921837922192236e-002, -2.2314917617058783e-001,
       5.0792713537389105e+000, 5.6096334368295468e-002,
       -4.1478809000023675e-001, 1.8098282674206945e+000,
       -5.2227049451719800e+000, 2.4462170059063434e-001,
       -8.8928063773772847e-001, -1.8111299767303071e+000,
       5.6016093901591653e+000, 6.3119007773921487e-002,
       -1.1160678249364180e+000, -1.6285591853262913e+000,
       5.5426731314067901e+000, 6.0445614753616678e-002,
       -2.2325665088638433e+000, -1.5591777231759059e+000,
       5.5487454913387158e+000, 5.7597183914876747e-002,
       4.9787056993611573e-001, -1.7680978901858522e+000,
       5.3502953533110897e+000, 8.5808036583271088e-002,
       -6.0880352445747410e-001, 1.9661250664740226e-002,
       4.1753920951350967e+000, 5.0689344748032425e-002,
       8.1117305903525594e-001, -1.0945870566652682e+000,
       5.2016905472550441e+000, 5.4592420727477046e-002,
       -5.6875046167423804e-001, -1.2548443234285553e+000,
       5.3906634031710663e+000, 5.9098041208883553e-002,
       -1.3343885994838761e-001, -1.8138870500991766e-001,
       5.1338645814983188e+000, 5.3790899753258556e-002,
       -2.3742144799000506e+000, -2.1258631389425018e+000,
       7.1149282116538926e+000, 1.6332288547859078e-001,
       -6.4085579435085671e-001, 1.7791416431408640e+000,
       -6.5900997056253425e+000, 8.7401803180066373e-001,
       -1.4733167585556837e+000, -2.5040925722384877e-001,
       5.2080691694462526e+000, 6.5639994235849833e-002,
       -1.4843709162570686e+000, -1.1965351220432994e+000,
       5.4405324127443269e+000, 5.9686174433086665e-002,
       3.0965910784252698e-001, -1.3042464441273077e-002,
       5.0317412518983442e+000, 5.4152687484746720e-002,
       -8.9137976104718142e-001, -1.8116595629565277e+000,
       5.6206277193314254e+000, 5.2558551836627818e-002,
       -7.0554204303108614e-001, -1.4387627387922186e+000,
       5.3732012969738232e+000, 6.2979194933818303e-002,
       -6.0967354042314281e-001, -1.3191862988078040e+000,
       5.4015881854238259e+000, 6.2551658289602671e-002,
       7.1756221918271867e-001, -9.0949337158636112e-001,
       5.1037295309107744e+000, 4.8962384455789751e-002,
       -1.3434843694332956e+000, -1.1353706770523320e+000,
       5.4362907710600386e+000, 6.0592862355430710e-002,
       2.2157856170617052e-001, -1.7577149279453212e+000,
       5.6814385273957138e+000, 6.7488907987658178e-002,
       -4.1426815342792833e-001, -1.2646657432397551e-001,
       5.1695888410357096e+000, 5.8619190075154502e-002,
       -1.4273586454323115e+000, 2.0278005487166489e-001,
       4.9294586614439586e+000, 6.5235292528877373e-002,
       -4.8970449071488575e-001, -1.2587896510307353e+000,
       5.3508091416084600e+000, 6.2696272005660192e-002,
       -1.2630283199215249e+000, -1.0745339155981973e-001,
       5.1472171300127858e+000, 6.6924006374199180e-002,
       -5.4096013960228650e-001, -1.2712758532740975e-001,
       5.1679476302142557e+000, 6.0433669122866046e-002,
       -1.1049222289885208e+000, -1.0436156083609465e+000,
       5.3970703075768540e+000, 5.9137388006916265e-002,
       -1.8003248146854611e-001, 1.2663161900784563e+000,
       -4.3875500953359001e+000, 1.2341802862389335e-001,
       -1.3930899398809671e+000, -3.6143113059932930e-001,
       5.2145256152173234e+000, 6.3894207557950236e-002,
       -2.2503967023371785e-001, -7.9006556764911251e-002,
       5.1442671297146543e+000, 5.8007631162216064e-002,
       -1.9444856848184783e-001, -6.5283655247072037e-001,
       5.2491271954489873e+000, 6.1458991160204722e-002,
       -6.8242470657378651e-001, 2.2247978261753721e-002,
       4.6792653386098166e+000, 5.6397337960411215e-002,
       7.2345871172565723e-001, -1.6012703643032520e+000,
       5.2886997580489785e+000, 7.5576456205391315e-002,
       -1.1609952070222089e+000, -3.4775722399987752e-001,
       5.1761967198620971e+000, 6.5419098133481277e-002,
       -7.5806250418290011e-001, -3.9320729070329885e-001,
       5.2184744225185664e+000, 6.3502841852414990e-002,
       -1.6218493963012355e+000, 2.0918436506662741e-001,
       5.2284221281671641e+000, 8.3348237992452695e-002,
       2.0307029082393743e-001, -9.1049220313962786e-001,
       5.2053476609370071e+000, 6.3703760666363504e-002,
       -2.5675062198351601e+000, -1.7914035463279889e+000,
       6.3814839776305714e+000, 6.2844272906042012e-002,
       -1.3856094951852103e+000, 1.1714574446178325e-001,
       5.0093084700681425e+000, 6.7435652831071585e-002,
       -7.5732541012678756e-001, -1.9931257682538139e-001,
       5.1808175397807865e+000, 6.3139487497939115e-002,
       6.0014654324411154e-001, -1.0570383919477997e+000,
       5.1883668412966193e+000, 5.3357476017387433e-002,
       3.0437475590412849e-001, -8.3458016814656100e-001,
       5.2020101346838539e+000, 5.9331257753323992e-002,
       -1.2010361417910129e+000, -1.6578488224022997e-001,
       5.1272705365539046e+000, 6.8374518353099503e-002,
       4.3864383526566425e-001, -1.3994697633481510e+000,
       5.3224082252357494e+000, 6.2299348035427707e-002,
       -2.2325916656079456e-001, -1.0380384131780185e-001,
       5.2092506645423438e+000, 5.6816044765693387e-002,
       -2.5022962626432759e+000, -2.2395822830170111e+000,
       7.7330339116255331e+000, 2.4719055175906074e-001,
       -1.8478674504927095e-001, 1.2958282336253633e+000,
       -4.4930594902117562e+000, 1.2828335931122184e-001,
       4.0803500406449755e-001, -1.3406709296614170e+000,
       5.2985028381054100e+000, 6.2962649241515095e-002,
       -8.2116276616254913e-001, -1.3251579820298538e+000,
       5.3691118940597162e+000, 6.4590653005160939e-002,
       -2.7833088780273973e+000, -2.5112983514478797e+000,
       8.5162121327210354e+000, 4.3193840788640575e-001,
       -1.2575916413198440e+000, -4.8944932038803274e-001,
       5.2278095893095626e+000, 5.9473830088209702e-002,
       -3.3044568367691589e+000, -2.9383088856331114e+000,
       9.9657040270246853e+000, 5.5260240620423895e-001,
       2.7025081218987035e-001, -2.7137853138250556e-001,
       5.1269666788755055e+000, 5.2456125306194736e-002,
       -1.7167192344447861e+000, 2.1783516541519043e-001,
       5.0364874305829161e+000, 6.8375480579187908e-002,
       -1.1978046770558670e+000, 1.7010863047257779e-001,
       4.1377238315392173e+000, 5.4921601797636131e-002,
       -5.4347297416942816e-002, -9.8071750087341716e-002,
       5.0032128334426638e+000, 5.4625617147418357e-002,
       -2.1832528105990505e+000, -1.5077635391254409e+000,
       5.6707466357479248e+000, 3.9813074016079399e-002,
       -1.2146747008987107e+000, -1.1498978228527799e+000,
       5.5107465381883296e+000, 5.5399592416445043e-002,
       -3.4134188022517860e+000, -2.1275284042388094e+000,
       8.6752697443342441e+000, 3.7802073351157200e-001,
       -7.8665872593783903e-001, -1.2418107318084333e+000,
       5.3691686259869726e+000, 6.1714785167207971e-002,
       -4.2263052614437513e-001, 1.9670128697064082e-002,
       5.1857607365672571e+000, 5.4425912600569379e-002,
       -3.0178123270938306e-001, -1.3882813833563762e-001,
       5.1549966270389476e+000, 5.9025124066114452e-002,
       -1.7725155963675334e+000, -1.5872185599027309e+000,
       5.4902039730963201e+000, 5.2317592444882821e-002,
       -6.1217101487949144e-001, -4.1991901631113782e-001,
       5.2335958920749741e+000, 6.0697932594450679e-002,
       -1.1231670813422019e+000, -3.4112470277628293e-001,
       5.2403087274362985e+000, 8.9629669880020801e-002,
       -1.4794427221814461e+000, -1.5431673605429699e-002,
       5.0599285897872708e+000, 6.6681944487983286e-002,
       -1.8374892394504521e+000, -7.6111479245126082e-002,
       5.0645224081982523e+000, 7.3325722682339001e-002,
       2.6276051985036586e-001, -1.1476026319036952e+000,
       5.2215762116330318e+000, 6.4341025308677635e-002,
       -4.2918916863761698e+000, -2.9294419878478739e+000,
       1.1409955700508508e+001, 4.0055176386666724e-001,
       -8.3652931253325957e-001, -3.0908756796721626e-001,
       5.2280432604142444e+000, 5.7446403634060533e-002,
       3.1257046058908056e-001, -1.2195932306378587e+000,
       5.2485266181174559e+000, 5.9996781131224204e-002,
       7.5196210397927854e-001, -1.0350988151542406e+000,
       5.1065069219055879e+000, 6.8013149475962181e-002,
       -1.9730975849639627e+000, -1.3588153477930787e+000,
       5.1270448195360041e+000, 2.7484707729608530e-002,
       -2.1395914639203202e+000, -1.4758623220103424e+000,
       5.5583439214888433e+000, 3.5112740533999605e-002,
       -1.8599476117093388e+000, -8.1238822156597140e-002,
       5.1241084161794852e+000, 8.2757609226063372e-002,
       2.5445274997885498e-001, -1.4928062198484482e+000,
       4.8416909742839209e+000, 5.3644350798621059e-002,
       -1.9357557311855831e+000, -4.0467031229603531e-002,
       5.0740218962973280e+000, 5.2875183517367634e-002,
       4.6891000374363334e-002, 2.8348144605085251e-002,
       5.0502004512982666e+000, 5.7313967144577732e-002,
       -1.3870283876759339e+000, -1.5316065218550623e+000,
       5.5200913998977299e+000, 6.0320059213884648e-002,
       -1.2211314636765076e+000, -1.5325389695941083e+000,
       5.5419165650985036e+000, 6.1178797442091315e-002,
       -1.3233516035490784e+000, 1.2743396169602117e-001,
       5.0976474068328397e+000, 6.9050939039956682e-002,
       -1.8313578771809234e+000, -8.6458875770638266e-002,
       5.0417004776915473e+000, 9.4660841998354742e-002,
       3.2336525556668827e-001, -4.3450860354104043e-001,
       5.1828081382760258e+000, 5.3844006360805843e-002,
       4.5633570031333565e-001, -3.9728315977672379e-001,
       5.1222306994225493e+000, 5.5558242876849344e-002,
       -5.8918649516060351e-001, -4.7683213945622538e-001,
       5.2710391053702654e+000, 5.9917652756517795e-002,
       2.3327609616039696e-001, -4.6143487004600703e-001,
       5.2089233708985549e+000, 4.2636413346291160e-002,
       7.5024989206509329e-001, -1.0376011021747591e+000,
       5.0983536770438622e+000, 7.6132169071968098e-002,
       -2.4536209355210931e-001, -2.2087201445874305e-001,
       5.1500084342504131e+000, 5.7506638032002469e-002,
       -6.9477866938652211e-001, -6.5776474475282609e-001,
       5.3208500266346874e+000, 6.0438211152670299e-002,
       -1.8354834528979547e+000, -4.8220659065463266e-002,
       5.0485034080875639e+000, 7.3802441463912502e-002,
       -2.0437269526921469e+000, -1.3411690826055464e-001,
       6.7859155067233230e+000, 3.3857134507839404e-001,
       3.2243063772738234e-001, -1.4003800934007211e+000,
       5.3134898307190568e+000, 6.5991954562576519e-002,
       -1.0230418572008040e+000, 4.8697487108934379e-001,
       5.1217321894914853e+000, 8.5637358239237890e-002,
       1.5807824871732828e-001, -1.3857922116936444e-001,
       6.0211640431894065e+000, 2.5390359285533787e-001,
       -4.6758876046134962e-001, -4.8467498002704300e-002,
       5.1169100294660979e+000, 6.3572532091903985e-002,
       -1.7165690191150729e+000, 5.3455431004435194e-001,
       1.7171461093394178e+001, 6.2075191965080906e-002,
       -7.4243530146227577e-001, -8.4812510419627929e-001,
       5.2980705606308423e+000, 6.5193996313472766e-002,
       7.1787987727119051e-001, -1.7788043494427068e+000,
       5.3789738296885021e+000, 5.6277398708198166e-002,
       7.1055419094494454e-001, -1.6941237208729492e+000,
       5.3128068593544633e+000, 7.6425625790646795e-002,
       -1.0661867525705764e-001, -4.8092758651101020e-001,
       5.2409734365202105e+000, 5.9214426861021338e-002,
       5.2480221514128100e-001, -5.1908107132926318e-001,
       5.1831693586826155e+000, 7.1891694625882588e-002,
       -1.8692309257245867e+000, -1.8161979854452292e-003,
       5.1469683633660219e+000, 9.3146021298596872e-003,
       -2.4139523883388962e+000, -1.6737331343380135e+000,
       6.0067917049195545e+000, 3.4950224973173745e-002,
       -6.0372619108493542e-001, -1.3206646515472267e+000,
       5.3819057470575675e+000, 6.5537754795725045e-002,
       -1.6285363277908949e+000, -1.5959847683873964e-002,
       5.2122972343260781e+000, 6.9602856497707297e-002,
       -1.5469484283345751e+000, -4.0180756375033783e-001,
       5.2208540129543888e+000, 6.7283752863787974e-002,
       -1.4662510760898941e+000, -1.6504704132082137e-001,
       5.4228734114541775e+000, 7.3017591248784430e-001,
       -1.0869485404934198e+000, -1.3806125874795836e+000,
       5.4413009340672218e+000, 6.3811401528389891e-002,
       -1.5589719091964294e+000, -5.9966294221242777e-001,
       5.2648797320288185e+000, 6.3542211349446695e-002,
       -2.7156056742025053e-001, 1.0110946501623760e-001,
       -6.3348132976645255e+000, 3.7682436917035084e-001,
       -9.0092687119829873e-001, -1.0286365317916677e+000,
       5.3278030218775969e+000, 6.0659094942169381e-002,
       -4.8829033340967687e-001, -9.2938248618026104e-002,
       5.1859101025105989e+000, 5.7322641285283062e-002,
       -2.4397678994809563e-001, 1.7513668668520084e+000,
       -5.2957818849947937e+000, 5.6587710912275352e-002,
       -1.5420727587159924e+000, -5.1191380155302602e-001,
       5.2435926719213608e+000, 6.1933539112221971e-002,
       4.1295046101815536e-001, -1.0903139135313800e+000,
       5.2458074158570227e+000, 5.9870793895129226e-002,
       -8.3406907950661768e-001, -3.9421591063864181e-001,
       5.2735976003264131e+000, 6.0639942678755963e-002,
       -7.8234941159696869e-001, -1.2312369128592378e+000,
       5.3797842484685443e+000, 6.3120133394551969e-002,
       -1.8520105396129430e-001, -1.0620806996824872e+000,
       5.2634565784474319e+000, 8.9166593533465871e-002,
       -7.6087541415808524e-001, -8.4884924237238132e-002,
       5.1784409062551351e+000, 6.1227760283839146e-002,
       -9.7269797634940314e-001, 2.4335927460503154e-001,
       5.1072964092849826e+000, 6.4837859253431357e-002,
       -3.6679703961736465e-001, -1.7869521715064118e-002,
       -7.0028679993101139e+000, 3.5282186188950287e-001,
       2.2523992896749601e-001, -1.7857626897440970e+000,
       5.7741975067540388e+000, 6.7342843038962291e-002,
       -9.6348100300299011e-001, -3.2990092313013991e-001,
       5.3720605618485990e+000, 5.8550791755909615e-001,
       -1.2732392914451975e+000, -1.7852411046754730e+000,
       5.5892910878348463e+000, 6.1568407337047472e-002,
       -1.6130630966484036e+000, -5.1067176885465426e-001,
       5.2388352158578737e+000, 6.0558972003823021e-002,
       2.7121205595819059e-001, -1.3972471320643858e+000,
       5.3278231057116239e+000, 6.5061544098260912e-002,
       2.7946496992102388e-001, -1.3265817825968393e+000,
       5.2787193600556730e+000, 6.8171009212603606e-002,
       -3.6114838673569538e-001, -1.1736429886377353e+000,
       5.2978992441499777e+000, 6.8394227039193720e-002,
       7.9513535981248540e-001, -1.1599937058049319e+000,
       5.2198029255773584e+000, 1.2142207293262021e-002,
       -1.3714460681680565e+000, -1.7497867742408063e-001,
       5.1918368124724381e+000, 6.1043939944245319e-002,
       -1.3879058891813969e+000, -2.5350159560517860e-001,
       5.2355998813311562e+000, 6.6934732347616252e-002,
       9.1143123209054089e-001, -1.3795931141777715e+000,
       5.3051997826022390e+000, 6.9376676551654373e-002,
       -1.7954726885909875e+000, -1.6751023240138441e+000,
       5.5258032252677260e+000, 5.9486920519325380e-002,
       1.5415362069147076e-001, -1.7796001737469097e-001,
       4.9807106857813883e+000, 7.7137537965707770e-002,
       1.0378253271526119e+000, -1.2038640854365648e+000,
       5.2869087717659555e+000, 6.0748645874007343e-002,
       -7.2851356102510723e-001, -1.2107528632776601e+000,
       5.3648521794212929e+000, 6.6078694761810969e-002,
       -5.3417936416589007e-001, -9.1450449624660446e-001,
       5.3131563545331648e+000, 6.2113364452950653e-002,
       2.1487082276055161e-001, -3.2291491635158098e-001,
       5.1143954978329385e+000, 1.4541377719480299e-002,
       -3.4210483128984039e+000, -2.1238408728765870e+000,
       8.6485593074411220e+000, 2.8826519910850645e-001,
       2.5459932376381778e-001, -1.9486775718028753e+000,
       6.5947874442395555e+000, 9.7619397727344279e-002,
       -1.0833396418774903e+000, -5.2523942150201564e-001,
       3.6317939461783948e+000, 7.4731226805331641e-001,
       6.0246898152708606e-001, -1.0556329957316690e+000,
       5.2050963153822698e+000, 4.4046390790789404e-002,
       -1.6470011547755075e+000, -4.6749394746251616e-001,
       5.2427521020621715e+000, 5.3053437425865366e-002,
       -1.8771235482011241e+000, -1.7832873386300738e+000,
       5.6201721320202136e+000, 7.1711847331478576e-002,
       -1.5553314769657520e+000, -1.6577318358311426e+000,
       5.5606005705965540e+000, 6.0171830387537296e-002,
       -6.6299467498360110e-001, -1.1692438268625982e+000,
       5.3414193531205978e+000, 5.7008602583749693e-002,
       -1.2039983745266065e+000, -3.1337739873819326e-001,
       5.1697889728670603e+000, 6.3783025036634758e-002,
       -1.2659598015110198e+000, -3.4670231254099695e-002,
       5.1812954038544099e+000, 6.3175932572180765e-002,
       -3.5674694191007517e-001, -2.1262227281076984e-001,
       5.1545222739632131e+000, 5.9824421967999759e-002,
       -7.3816552711376771e-001, -5.3761820910465330e-001,
       5.2801881459418460e+000, 6.4704700767475878e-002,
       -2.9572220039803465e+000, -1.7042136780484749e+000,
       7.0145258772290635e+000, 5.3846477155607508e-001,
       -2.6266946050981188e-001, -5.6707607931430370e-001,
       5.2459712129050189e+000, 6.0107044784469398e-002,
       -1.5715636625401226e+000, -1.1220904996821560e-002,
       5.0321832180398971e+000, 5.8746461537936855e-002,
       -1.8414539042257774e+000, -1.2656555447127578e-002,
       5.0608198268807714e+000, 5.9840515366321866e-002,
       5.1090558251669438e-001, -9.4559016648578287e-001,
       4.3053891662462593e+000, 4.3968177058894387e-001,
       -1.4822979587483494e+000, -3.7998839886397617e-001,
       5.2289106002984100e+000, 6.3071532066361680e-002,
       -1.6375922604928966e-001, -5.4157836277634978e-002,
       5.4726893682067512e+000, 6.2495969072654645e-002,
       4.1466015415026802e-001, -1.2806275697044573e+000,
       5.2742112203967784e+000, 6.7890997803977060e-002,
       -4.9892230101390750e-001, -1.5234721153360495e+000,
       5.4258161561915976e+000, 6.9110655213408617e-002,
       3.2507922149817614e-001, -1.0904653512419307e+000,
       5.2332777925905631e+000, 5.7990575577104263e-002,
       -1.6198800931842392e+000, 2.6537402291630707e-001,
       5.0902777945295510e+000, 6.8696793986861071e-002,
       -6.0323045667391806e-001, 2.1031384773925397e+000,
       -6.2147573171839010e+000, 1.9688029205041691e-001,
       -1.9581547429482440e-001, -3.5757958158882819e-001,
       5.1579922982328901e+000, 6.1633195930084102e-002,
       -6.2139495760005681e-001, -6.4480511616452341e-001,
       5.2975225512925697e+000, 6.4922905471809442e-002,
       -9.6170742310952750e-001, -1.2583012864326073e+000,
       5.3154939758748423e+000, 7.8186324308204866e-002,
       1.3900521394971077e-001, -2.9920779353063143e-001,
       4.9088663650920505e+000, 1.7443904273905858e-001,
       -1.0892060613182042e+000, -5.2110783400859151e-001,
       3.6073165587584120e+000, 7.6151843840748090e-001,
       -3.4149575253548425e-001, -7.9521647301471921e-001,
       5.2775376569177705e+000, 6.3124194152345034e-002,
       2.6068112159626655e-001, -9.6538508501336961e-001,
       5.2310748178471398e+000, 6.2276555639862861e-002,
       8.0581827133821549e-001, -5.3504153780206254e-001,
       5.0760384110507424e+000, 4.9341363866103466e-002,
       1.0308481120648911e+000, -1.0167190762532887e+000,
       6.6366694421790884e+000, 4.1546127593458110e-001,
       9.6911666807046631e-002, -5.7554300401778308e-002,
       5.0551360989863232e+000, 5.7689481807785957e-002,
       4.3796866871489759e-002, -2.2428790232837253e-002,
       6.5859766660202297e+000, 8.8790463967792033e-001,
       -4.5522960741095975e-001, 2.3393018826005090e+000,
       -7.1032181497202416e+000, 3.9564803228530887e-001,
       -4.0690101827982833e-001, -1.6705291259856145e+000,
       5.5376886021758214e+000, 6.1789583915662333e-002,
       -6.2818262355821453e-001, -1.5988020176473281e+000,
       5.5264285659891819e+000, 6.5262224753765752e-002,
       -3.9473284170763046e-001, -5.2399884539655806e-001,
       5.2625985388036582e+000, 6.2291692380130999e-002,
       -1.9788135392763064e+000, -9.5173556444169627e-001,
       5.2780721754993420e+000, 6.1411237093506106e-002,
       -1.2789489568318229e+000, -3.0549974447479838e-001,
       5.2532805596351491e+000, 5.7779019203077930e-002,
       -2.5215584195972118e-001, -5.8321465346010593e-001,
       5.2487034738454419e+000, 6.2208196310446967e-002,
       -3.1527896898528067e+000, -2.4436946834718549e+000,
       8.8002439585807224e+000, 8.0406836186597597e-001,
       -4.3255220176157128e+000, -2.9383891059924743e+000,
       1.1473605781372218e+001, 4.2410003745296027e-001,
       -1.0227846544000174e+000, 3.0587575995963312e-001,
       5.0172570783580888e+000, 7.4807630147668711e-002,
       -4.7535030005961881e-001, -1.0252529372141195e-001,
       5.1829532332949757e+000, 5.9805244616751879e-002,
       1.8128102692429038e-001, -8.8016511612431014e-001,
       3.6019024509095097e+000, 8.3477613341850243e-001,
       -1.3813557596582196e+000, -1.5477497060562093e+000,
       5.5417720437816218e+000, 6.3524588569236540e-002,
       -1.4710143605384127e+000, -6.5066008705311196e-001,
       5.3171188908642053e+000, 7.2558090308013856e-002,
       8.1688329152264805e-001, -1.2997289172684252e+000,
       5.2753698470824384e+000, 5.8422691359207739e-002,
       -2.1863991124363436e+000, -2.4644336153827445e-001,
       5.1537478176564981e+000, 7.0071321877776580e-002,
       -1.5472085031111455e+000, -1.9345344529887451e-001,
       5.1716038737551528e+000, 6.6554173335865635e-002,
       -1.5458843104082143e+000, -3.2998275864341559e-001,
       5.1960522289109123e+000, 6.8725097530092524e-002,
       4.5911840061184594e-002, -1.9101463444398251e-001,
       5.1427734727847580e+000, 6.0927339711099993e-001,
       -4.4538165804596996e-001, -1.7985500832858166e+000,
       5.5715805969544441e+000, 6.7027913228544983e-002,
       -1.3569806788015892e+000, -1.1531803075913314e+000,
       5.4409730065923867e+000, 6.0224491569468006e-002,
       -1.4264363862369593e+000, -3.0371830982441028e-001,
       5.1866669324686692e+000, 6.5720998849300979e-002,
       -1.6834914055336094e+000, -4.4277663222803310e-001,
       5.2057870563965807e+000, 6.5692513716179818e-002,
       -1.2320921991025553e+000, -8.6450382440267237e-001,
       5.3501236582251837e+000, 6.4730533014992347e-002,
       -1.1967109529322020e+000, 3.2164039301185210e+000,
       1.7338780063020970e+001, 2.3041188708926885e-001,
       -9.7764932436878182e-001, -3.2945837884154794e-001,
       5.5400448014985848e+000, 5.6787297725217944e-001,
       -4.5028780454619849e-001, -6.8727535494792635e-001,
       5.2771033558165712e+000, 6.3541977920781367e-002,
       -1.2342023591256430e+000, -8.9806156386463865e-001,
       5.3346940750403595e+000, 6.7842606579722547e-002,
       -1.5495502422830936e+000, -1.1634288680880081e-002,
       4.9615332174642042e+000, 5.9067556915955645e-002,
       -9.4817191120222710e-001, 1.7555537654086101e-001,
       5.1130283610001364e+000, 6.2415640124803863e-002,
       -1.9081003964762795e+000, -1.2668128586959342e+000,
       5.3811434797181956e+000, 5.3133924531357103e-002,
       7.5759341820470483e-001, -1.1174027896862546e+000,
       5.1358941265964848e+000, 9.8410779574314378e-002,
       -3.3759497507467078e+000, -2.9910243343820060e+000,
       1.0353874789423855e+001, 3.6049110671622758e-001,
       4.4484865083444364e-001, -1.0753133273608066e+000,
       4.4915746602375730e+000, 3.9365617674726544e-001,
       -1.1438377075637973e+000, -4.2010561666163160e-001,
       5.2876332519966862e+000, 9.1007783943582981e-003,
       -1.3464225009423680e-002, -1.3189227725163319e-001,
       7.1184345437050833e+000, 8.8367598947455017e-001,
       -1.9037451519293027e+000, -1.3098424180533959e+000,
       4.9474291987119621e+000, 2.3867446984679404e-002,
       2.2715650474828392e-001, 1.7130674634725745e-001,
       4.9780645328405324e+000, 5.6055838549437013e-002,
       9.7862656545319726e-001, -1.2035779042214396e+000,
       5.2565314419373639e+000, 6.2482485193812179e-002,
       4.8439474601021532e-001, -1.7142379921611304e+000,
       5.1988964846004286e+000, 7.5996582871516227e-002,
       -9.1181711990694780e-001, -7.0858867461241781e-001,
       5.2421691958042960e+000, 5.9308249575820239e-002,
       -1.3796827790764539e+000, -1.3409684743237666e+000,
       5.4715427372955716e+000, 6.4049813758550553e-002,
       9.5362011638963806e-001, -8.3489446860360828e-001,
       5.1901435514263143e+000, 5.6111001960713613e-002,
       -1.8340411714911786e+000, 9.4726042057305879e-003,
       5.0204952636919602e+000, 7.5718372543998255e-002,
       -9.0910575407822369e-001, -1.6362915314185797e+000,
       5.5592080447329453e+000, 7.1789157735446876e-002,
       3.3554114203793051e-001, -2.6049899273695494e+000,
       8.5346278138251161e+000, 3.3301155426597957e-002,
       -1.9858477334457228e-001, -9.4903880887765454e-002,
       4.6302586252703888e+000, 5.5782567236634190e-002,
       -1.1721773581790040e+000, -1.1116596835759562e+000,
       5.3164820001710060e+000, 5.7969080904466508e-002,
       2.3686368415962253e-001, -1.4878737063815179e+000,
       4.8042721041378051e+000, 6.0191490743300852e-002,
       2.9316313996536236e-001, 4.8253471688829611e-002,
       5.0362131877600458e+000, 5.4432182731770411e-002,
       -6.3357982044544281e-001, -1.0625832157449100e+000,
       5.3295593572354463e+000, 6.0279243833874049e-002,
       9.0791977322219175e-001, -1.3801660133410363e+000,
       5.2880578080562675e+000, 7.8997432533210954e-002,
       -2.7377444614689637e+000, -2.2702404352999510e+000,
       -9.1189831204131906e+000, 1.3339246736284471e-001,
       -2.9274986944393905e-001, -2.6818257920030314e-001,
       5.1878804355535877e+000, 6.1990800581696204e-002,
       -1.9416683001518165e-001, -1.7200022155455781e+000,
       5.4204126193641855e+000, 6.1568109920292637e-002,
       2.9446962484603845e-001, -9.7425797399355574e-001,
       5.2194682321454859e+000, 8.2274321317703625e-002,
       3.0048951821044112e-001, -1.4183187651552258e+000,
       5.3958611887294419e+000, 6.7371871848962789e-002,
       -6.9854808206322783e-001, -1.3092444823372338e+000,
       5.3849001369963849e+000, 6.2417502497532119e-002,
       8.2348201126111509e-001, -4.9928502080690984e-001,
       5.0756734405364750e+000, 4.8556048687639387e-002,
       -1.1355124163269004e+000, -2.7822480784454723e-001,
       5.1593046697801963e+000, 1.9119260938735928e-002,
       -1.8827231008832588e+000, -1.5747804005024491e-001,
       5.2194145938771062e+000, 8.6710571609587658e-002,
       -3.1068381230065647e+000, -1.8459091017777169e+000,
       7.7533402177439807e+000, 4.8621815606696672e-001,
       -1.5366532072414885e+000, 1.3412491239296453e-001,
       5.1163663876475622e+000, 7.0836732369921745e-002,
       -1.9338663828278966e+000, -2.3913529953258532e+000,
       -9.2328312603919152e+000, 1.3727283562082707e-001,
       -1.2662146035992481e+000, 1.6820376714479188e-001,
       4.0859740651868801e+000, 5.5520044347915985e-002,
       -6.9486598539342603e-001, -1.3291998757701035e-001,
       5.2127495406144941e+000, 5.5639598961345856e-002,
       9.0705080099642260e-002, -1.1484600624982055e-001,
       -1.2225341992951002e+001, 3.2131531229764983e-002,
       -1.4338110894685729e+000, -1.6637279776576277e+000,
       5.5545936122847497e+000, 6.1650632237247226e-002,
       -6.6357913935754498e-001, -1.4486745060995898e-001,
       1.3402776078923073e+000, 9.5558749448979696e-001,
       -1.8362297161176228e-001, 1.3161907805008362e+000,
       -4.5249079666006651e+000, 1.0732080294548402e-001,
       -1.4088304891428622e+000, -5.0990905400084485e-001,
       5.2511344961945596e+000, 6.3123634516331809e-002,
       -6.7942812641255013e-001, 1.6687446072322759e-001,
       5.1798311784292492e+000, 5.6493836345984656e-002,
       7.0984679186967603e-001, -1.0050434481317123e+000,
       4.9440896067542290e+000, 2.1454895895602477e-001,
       6.1649506467544670e+000, 6.1289918962484546e-001,
       1.7963260757553918e+001, 1.5298404241561173e-001,
       -1.5443743912464285e+000, -6.2581932606839641e-001,
       5.2888106185563508e+000, 6.4565846151456385e-002,
       -9.8041459571357692e-001, -1.0510832834549184e+000,
       5.3489515377179622e+000, 5.7418378572950277e-002,
       -1.0939535365425376e-001, -3.1422839116708823e-001,
       5.2027996820469955e+000, 5.7607306304241136e-002,
       4.1785736678981578e-001, -1.7230329564090427e+000,
       5.4081674344193686e+000, 2.6855846733447647e-001,
       -1.8006163273648834e+000, -1.6814099353087439e-001,
       4.9800475018797439e+000, 1.1915434496509573e-001,
       3.3953722754763838e-001, -2.0160355853093520e-001,
       5.1150768739740649e+000, 4.9735882860590587e-002,
       2.9192990741606040e-001, -3.4520184129365070e-002,
       7.4465732373241220e+000, 2.5073719915848580e-001,
       -1.1433209742390944e+000, -2.1350370380291986e-001,
       4.9977601278760773e+000, 1.7163827702070208e-001,
       1.0638462521291890e-001, -3.0732421358418005e-001,
       4.5967269192792806e+000, 3.2480126575302337e-001,
       5.2410799949139157e+000, 4.4187417733968566e+000,
       1.7554420194298547e+001, 1.6326564047188921e-001,
       -1.7335387022657782e+000, -1.0136730834677887e-001,
       3.6539633042312492e+000, 8.2650882828435046e-001,
       -1.9781841710951598e-001, -7.6064424432826350e-001,
       5.1931527599036427e+000, 6.1618534660572377e-002,
       -1.6807703127792351e-001, 1.2679382495051800e-001,
       5.1447063386065839e+000, 8.8468481153136241e-002,
       -1.3615086155892739e+000, -8.3256404899005454e-001,
       5.3372003781980597e+000, 6.0947150501563137e-002,
       -3.5064239810289818e-002, -7.9249501628067542e-001,
       5.2416877085674614e+000, 5.0360142784516483e-002,
       -1.4511948023475768e-001, -2.4988082743398823e-001,
       5.0130008118312634e+000, 5.2485283636070100e-002,
       -9.9193240164393415e-001, 8.6351735177968625e-001,
       4.8793931720756785e+000, 6.5903399300741211e-002,
       -1.4813929573383602e+000, -1.7815731883859161e+000,
       5.5823597077777372e+000, 6.0441201883260853e-002,
       3.9922011103444427e-002, 2.0095939366449844e-001,
       -6.2519364620122468e+000, 2.3083087960643739e-001,
       -2.2845640195765696e-001, -1.1056837924154420e-001,
       5.3152359200524728e+000, 6.7343794871224050e-002,
       -1.4809744575247321e+000, -1.5419699031114209e+000,
       5.4978665938143703e+000, 6.4895869015503954e-002,
       -5.0913399161968997e-001, 2.6057589800319310e+000,
       -7.9565402527826503e+000, 4.1717936972913128e-001,
       1.0254004241978898e+000, -1.3992558072179513e+000,
       5.3025013158433723e+000, 6.2199431386617640e-002,
       -6.2551902215956168e-001, -1.1156391083976593e+000,
       5.3478872858034929e+000, 5.6389141767175140e-002,
       3.6305776876725149e-001, 9.3374215879202849e-001,
       4.7749577715869869e+000, 3.8611285811473078e-002,
       -2.3775202135254876e+000, -1.4563637596915795e+000,
       -9.5907162958367440e+000, 1.3171574257113178e-001,
       -1.3768183098757070e+000, -1.7892929447588455e+000,
       5.5876760727647188e+000, 5.9560861358081529e-002,
       6.3819496010386501e-001, -1.2612924535804346e+000,
       5.2642811203793709e+000, 8.4514284102630940e-002,
       8.2132542655994301e-001, 9.9279443353946562e-001,
       4.6557837912044775e+000, 3.4169532388022533e-002,
       -1.7048231905898623e+000, -7.3079101355398834e-001,
       5.3367267877002291e+000, 6.4925529550533462e-002,
       -1.7672128872908219e+000, 3.1321796430746417e-002,
       5.1094786072708356e+000, 7.2081625705763014e-002,
       -1.4596828790736189e+000, -1.5167883113149865e-002,
       4.9924861973070316e+000, 6.5671351192086835e-002,
       4.8541125283179304e-002, -3.4293652528085750e-001,
       5.0919214599754259e+000, 6.0803548837155219e-002,
       7.0224517213056870e-001, -5.2176100434382033e-001,
       5.2543047574958717e+000, 8.9391437861385467e-002,
       3.2340591271896313e-001, 1.0429638925016853e+000,
       4.7447043329916738e+000, 3.8124207341970057e-002,
       -2.7891640774893811e+000, -1.5697406623245453e+000,
       6.7926747587131997e+000, 5.7781576169638205e-001,
       1.0272991453383300e+000, -7.6947520421157489e-001,
       5.1423134684680045e+000, 5.6102564547421879e-002,
       4.6530348469618460e-001, -1.0820507712266991e+000,
       4.5788466033336714e+000, 3.6635343976369356e-001,
       3.2150094591784750e-001, -1.2690563728453021e+000,
       5.2900840857100420e+000, 6.0757419618027796e-002,
       6.4434411646055842e+000, 6.4017690972635877e-001,
       1.8777207891958874e+001, 1.6116537317525373e-001,
       -6.0991041015039149e-001, -9.4900382001767913e-001,
       5.3109692309477321e+000, 6.5317084998199451e-002,
       -2.4061392112810259e-001, 9.9120765954905585e-002,
       5.1893120256806586e+000, 6.3215460267037643e-002,
       -1.4096577820868332e+000, -1.4219365317319418e-003,
       5.3285334313096246e+000, 6.0263878361172855e-002,
       7.0489139520602384e-001, -9.2943404213183123e-001,
       4.8514024318306781e+000, 1.5624011145498318e-001,
       8.6330523789479630e-001, -9.9035991109161459e-001,
       6.2947118365814596e+000, 2.0261054399610604e-001,
       -3.5996486630453219e+000, -1.4381385148753854e+000,
       -9.4411703027768183e+000, 1.0471220664511141e-001,
       4.0869730839129781e-001, 5.1792695865776583e-001,
       1.9448679448875986e+001, 5.7051941906603509e-002,
       5.6498388451011596e+000, 1.9975022811849397e+000,
       1.7976886861604825e+001, 1.4887452591987610e-001,
       1.3828223202272421e+000, 3.5878369597310584e+000,
       1.8607119249559389e+001, 2.5926581749538202e-001,
       -1.2703287391047278e+000, -3.6703848760455782e-001,
       5.2145748496054560e+000, 6.4317889350100146e-002,
       7.0028972851253868e-001, -9.1952324598153856e-001,
       4.8376700555791547e+000, 1.7062478293256952e-001,
       4.3087539109783779e-001, -2.1618686625968042e+000,
       6.5993128507726784e+000, 6.9718800452262100e-002,
       -1.6892497727689322e+000, -2.3196591843335340e-001,
       5.1982612840048299e+000, 6.4157849336078973e-002,
       9.8935732980456270e-001, -9.8718615149608380e-001,
       5.1569541523039266e+000, 6.3913420779256561e-002,
       -3.4511186649183516e+000, -2.2192578026873684e+000,
       -9.0985517799520004e+000, 1.2160498957921559e-001,
       -1.7480440028863078e+000, -1.7059880055988954e+000,
       5.1467478673080258e+000, 2.1018607367158693e-001,
       -9.5992745848321237e-002, -1.4233163833849066e-001,
       5.1284937534295914e+000, 5.4668171240212615e-002,
       5.6611246921988201e+000, -9.2547867438063106e-002,
       1.8183553197114314e+001, 1.6982893239956512e-001,
       1.0607827136553369e+000, -1.0636873296267002e+000,
       7.0415546850625637e+000, 4.9654358924312653e-001,
       -1.6065194614330003e+000, -1.5389570350402977e+000,
       5.5042261979232006e+000, 6.3897052823445544e-002,
       -2.0962503223933719e+000, -8.6855652008195205e-001,
       -9.9624135453942486e+000, 1.2652202277408225e-001,
       1.0546684699117050e+000, -1.2227710780995107e+000,
       7.6803205315171512e+000, 2.1901954103382190e-001,
       3.8560080243444467e-001, -1.0522992991095379e+000,
       4.2481433879875725e+000, 4.6587524367944577e-001,
       -1.6582461287321424e+000, -6.4014903329687178e-001,
       5.2884107889087471e+000, 6.4016770262661463e-002,
       -1.5689925330590920e-001, 2.5609067382966094e-001,
       5.0390026947594855e+000, 4.7970521296673452e-002,
       -1.5291845052755348e+000, -1.2343837375793016e+000,
       5.4536100614371446e+000, 6.1455476877126922e-002,
       5.9757044815698226e+000, 2.0087228965851649e+000,
       1.8068369256912696e+001, 1.5904698588093930e-001,
       -1.4055974393253892e+000, -8.9462933197128214e-001,
       -3.7101698285644042e+000, 6.9409661485667518e-002,
       -5.8195565617252698e-001, -1.2260105120597808e+000,
       5.3561383550269408e+000, 6.5938020491928720e-002,
       -2.7436372513291740e+000, -1.2345497378693966e+000,
       -9.6947721800345388e+000, 1.1281181136684590e-001,
       6.6824643895455282e-001, -1.0770132676697435e+000,
       4.7887546621865384e+000, 2.8486416894076710e-001,
       5.2177447544615507e-001, -9.6557671838343140e-001,
       4.1968160656503901e+000, 4.4898607132378282e-001,
       4.7294845565776544e+000, -4.6867493894898207e-002,
       1.7714448368032194e+001, 1.6931204150943299e-001,
       -1.2088966401051735e+000, -6.1491525406921177e-001,
       5.2917752901868074e+000, 6.7061059927351632e-002,
       7.6661643863060669e-001, -4.7318654301867813e-001,
       5.1175253374523644e+000, 5.3113941695200340e-002,
       -1.5734116824850890e+000, -1.5277580730464282e+000,
       5.5278278337263593e+000, 6.3264650147588045e-002,
       -2.4379002733915539e-001, -3.1574071925396274e-001,
       5.1926637644441183e+000, 6.0513802635298951e-002,
       4.8711488154120530e-001, 9.6126791817485502e-001,
       4.7306848589550148e+000, 3.6939392846937431e-002,
       -1.9217916936428217e+000, 9.7520116812203544e-002,
       5.0199686967468766e+000, 6.6559786788651459e-002,
       -1.1187656295162414e+000, -5.0032376291273872e-001,
       -3.9582908047773255e+000, 5.3240069706477072e-002,
       5.6175087897897247e-001, 1.7743119269577090e-001,
       4.9497063577211566e+000, 4.4938416269774482e-002,
       6.7572428359513648e-001, -1.0051415443645579e+000,
       4.4777053784990439e+000, 4.1176586381311359e-001,
       -2.8522727732485045e+000, -1.6229031464243908e+000,
       6.9821299163258832e+000, 5.6186472447527736e-001,
       -8.3000043548774660e-001, -4.7832649079421191e-001,
       5.2681011099519202e+000, 6.3055395070021600e-002,
       7.6414966163499953e-001, -1.4487305562004753e+000,
       5.1881287683934643e+000, 1.1887518257342945e-002,
       -1.6888510678052318e+000, -1.5995581672330497e+000,
       7.6560663361660470e+000, 8.1072350679365940e-002,
       -2.2773250601042352e+000, -1.4148684267354843e+000,
       -9.6499825329672788e+000, 1.3644814608538472e-001,
       -7.2210923643641001e-001, -9.4570342988376344e-001,
       5.3165758573259208e+000, 6.2897975559796274e-002,
       -4.6957317153351141e-001, 1.3081721313776580e+000,
       -3.8794190605331824e+000, 1.1304763605472325e-001,
       8.7084175619768256e-001, -1.5872112921906663e+000,
       5.3215940886666395e+000, 6.0355262446109136e-002,
       -1.6135924819845378e+000, -2.1582701601238385e-001,
       3.3616321335975279e+000, 8.3506016863246080e-001,
       -4.3940870989927017e-001, 2.1525406570933532e+000,
       -6.3558630341624038e+000, 2.0515476627487247e-001,
       -1.1028060109136031e+000, -6.6242421489097003e-001,
       5.2538254656994852e+000, 6.5972407213422096e-002,
       -6.9318147370644811e-001, -8.1338710216016563e-001,
       -3.9169079306755701e+000, 7.1585216141140745e-002,
       -6.4905252181676287e-001, -1.0957133404217907e+000,
       5.3429530223867996e+000, 6.3029812211478797e-002,
       -1.0732226492334340e-001, -5.8982696301521020e-001,
       5.2674797709355374e+000, 6.0499019503519567e-002,
       -1.3907474372005222e+000, 3.4697320741988064e-001,
       5.0372539658858475e+000, 6.6768632823446472e-002,
       -5.8861777864663911e-001, -6.9897025814515151e-002,
       2.8063965491950849e-001, 9.5651342572447617e-001,
       -1.3389824677496451e+000, -5.0048505065686577e-001,
       2.3886628082768291e+000, 8.7029501329070802e-001,
       -6.0983082538244715e-001, 4.6177376245631374e-001,
       -1.5538989767091347e+000, 9.9404769816917427e-001,
       9.4256728419433755e-001, -1.5493715831403252e+000,
       8.3907798772516458e+000, 2.3420122848322453e-001,
       8.0581409392655026e+000, -1.1463911141213718e+000,
       -6.6958492751205938e+001, 9.3554380655704772e-001,
       2.0427552724771764e-001, 1.0707363362605933e+000,
       4.7596769409622937e+000, 3.9375240273301269e-002,
       -2.6572815240923688e+000, -2.1752607961532453e+000,
       -9.3098805709118579e+000, 1.3038086494697038e-001,
       -1.1779699905491097e+000, -1.0429927013747173e+000,
       -3.7043271437533600e+000, 7.1510925824123453e-002,
       -5.9155189467360314e-001, -1.8672526553303828e-001,
       5.1632547304890561e+000, 6.5605796048762419e-002,
       1.6934724347311085e+000, 4.8835741828441187e-001,
       -4.0300221644924363e+001, 1.9464747922861569e-001,
       -1.5354757340712024e+000, -1.4938432265250219e+000,
       5.5096932330579573e+000, 6.0558242592938162e-002,
       -1.6204915088420311e+000, -4.1707656387065989e-001,
       5.2116406235750876e+000, 6.8901073792194401e-002,
       -1.2324296854250152e+000, -1.5566380751951900e+000,
       5.5358964145560297e+000, 5.9696750592567731e-002,
       5.9790598689461660e-001, -1.0092519086213851e+000,
       5.1671178013990069e+000, 3.2219122930923209e-002,
       4.4419545702797136e-001, 7.4110088113629691e-001,
       4.8083826329072767e+000, 3.8452578566608497e-002,
       -8.8219340546048231e-001, -1.0146622135590524e+000,
       5.3327275434110692e+000, 6.1631419176588327e-002,
       2.9210523831593443e-001, 4.4367299146131495e-002,
       5.0261090951346574e+000, 6.1945318489034978e-002,
       8.0926734659928667e-001, -1.5011041803612311e+000,
       7.8136790139591188e+000, 1.2821520070191367e-001,
       -3.8208595867250655e-001, -5.2147576451933575e-001,
       5.2509285746989729e+000, 6.0790270141315599e-002,
       9.1221289747665613e-001, -1.1956640955837594e+000,
       5.2797031103183478e+000, 6.3123255788666191e-002,
       4.8339375591512457e-001, -7.8212259102558732e-002,
       5.0969393314752534e+000, 5.3280975851501378e-002,
       -2.8802832570927200e-001, 9.2607038196503219e-003,
       5.3284597500628306e-001, 9.2284094183344723e-001,
       -5.7711442739818028e-002, -1.6359341085951873e-001,
       4.5287978830888971e+000, 1.6488726380066174e-001,
       -5.7365645162587509e-001, -6.2139094175447142e-002,
       2.3546372408821190e-001, 9.5783565531484693e-001,
       -1.5762782232766299e+000, -6.9669664526901642e-001,
       5.2872600802059591e+000, 6.8085940455154134e-002,
       3.9128518707576293e-001, -1.6343549401479422e+000,
       5.1009250864519320e+000, 2.7196079465074818e-001,
       -4.8112009132650468e-001, -1.5347651255849302e+000,
       5.5086658693663715e+000, 6.7228439244012617e-002,
       -1.4377522868755623e+000, -1.5252712161388640e+000,
       5.5134835615847484e+000, 6.8636348862383706e-002,
       -9.0337056498733292e-001, -6.6230414818273831e-001,
       -3.9454417970437548e+000, 6.2643986618373948e-002,
       1.5509035567487868e+000, 3.4167499183833567e+000,
       1.8316694648249698e+001, 2.2893470080124606e-001,
       -1.8757042472204097e+000, 1.1721242122773403e+000,
       4.6522437218729138e+000, 9.8334229794427006e-002,
       -1.3460502094046647e+000, -3.6530100293428180e-003,
       5.0872495979423924e+000, 6.2145371609791632e-002,
       9.2023543600817204e-001, -1.6206313025170627e+000,
       7.9636608234045898e+000, 7.8457890818216747e-002,
       -1.0445702546095634e+000, 1.0639007950665387e+000,
       4.8375137492663924e+000, 6.7409004238768180e-002,
       5.9065165451298860e+000, -5.1237636345389592e-001,
       1.7709844335460829e+001, 1.3222769434703840e-001,
       6.0045892520297155e+000, -7.5086757806265070e-001,
       1.7923411720869328e+001, 1.5523303495379809e-001,
       -1.2342905842677898e+000, -8.3801441797717990e-001,
       5.3757859425894958e+000, 6.5721757316872562e-002,
       1.6889751216379445e-001, 1.9976162665923929e+000,
       1.8254138126287707e+001, 2.1580622769033203e-001,
       -2.2923794709817593e+000, 3.6306023205088511e+000,
       1.7211192689528495e+001, 2.4100459539909261e-001,
       1.0200981593071683e+000, -8.0448240863670817e-001,
       5.1600039449218933e+000, 6.0425330031064928e-002,
       2.1913517485324163e-001, -1.7473611920569161e+000,
       5.6335048050062131e+000, 7.5557093110609541e-002,
       -4.1069676512149467e-001, -3.7787845162312828e-001,
       5.1899517634624956e+000, 5.7641471132465462e-002,
       -1.9274396411611918e+000, -8.8325192061172664e-001,
       4.1902883787360929e+000, 7.6468020799802483e-001,
       7.0175125281259843e-001, -2.4404583072787922e-001,
       5.0295752706517014e+000, 4.9075831522660339e-002,
       -5.5260484263493570e-001, -2.6093843421156759e-001,
       5.2038320189920633e+000, 5.6994610863166192e-002,
       -5.6959206303988263e-001, -5.9015514735334590e-002,
       2.2218012136941229e-001, 9.5787453788293531e-001,
       3.4289302970145226e+000, 2.4948269769994487e+000,
       1.7824124153436539e+001, 1.9054759694966927e-001,
       -3.5457503383969886e+000, -2.2302550979007023e+000,
       8.7217684818181631e+000, 4.2399029027782770e-001,
       6.1106057688656072e+000, 2.4661863991660509e+000,
       1.7510659923419652e+001, 1.5214423923024828e-001,
       -3.4883768574675555e-001, -5.3818902751849618e-001,
       5.2462189588975239e+000, 6.1266011467840428e-002,
       8.8960557523492911e-002, 8.5531279011033329e-002,
       -2.1395531442915852e+000, 8.8509644789511122e-001,
       -1.5558618595920568e+000, -6.7074909684229400e-001,
       3.1149183908661890e+000, 8.6545289787298596e-001,
       -4.7012063099281576e-001, 1.3114377597115778e+000,
       -3.8702503122614660e+000, 1.2513007364050255e-001,
       3.7545975670686127e-001, 2.6863972656667432e-002,
       -1.2770065193397873e+001, 5.3631366194928740e-002,
       -2.5163712237272122e+000, -1.4009373162693892e+000,
       -9.6421258840031676e+000, 1.2671282263974540e-001,
       -9.5524298580352396e-001, -1.0578463502353874e+000,
       5.3726002539974793e+000, 5.8133916988370490e-002,
       -1.2792724901480532e+000, -1.3477564595841922e+000,
       5.4844563465454401e+000, 6.6965749622827780e-002,
       9.0981259750171861e-001, -2.0032538822223550e-001,
       4.9624251644918296e+000, 4.9153223259213279e-002,
       7.8911733096825576e-001, -2.3282893912962849e-001,
       5.0345835461953481e+000, 5.2772315719545333e-002,
       -1.4007829333194759e+000, -1.1971404819656979e+000,
       5.4464432417234772e+000, 5.9854575013589068e-002,
       -1.2187613504088044e+000, -1.2310677967439401e+000,
       5.4213244738618691e+000, 6.1582734462944849e-002,
       5.6959838443456672e+000, 3.7699665345437816e-001,
       1.8006312324766188e+001, 1.4384163923662008e-001,
       -7.1589584692613450e-001, -3.5240646277660187e-001,
       5.2297118274832481e+000, 6.4285228238942838e-002,
       -2.0143385839038169e-001, -3.2580569245576696e-001,
       5.1907650088714314e+000, 5.8379269361441138e-002,
       -3.9274228772336017e-001, -1.2311941341285193e+000,
       5.3427591060033119e+000, 4.5917406151809004e-002,
       2.1154425390418685e-001, 1.1925533474170227e-001,
       -3.4178189249487780e+000, 5.0847877029378030e-001,
       -5.1435018337682703e-001, -3.7485481465281933e-001,
       5.2348928065409250e+000, 5.8357341213757970e-002,
       -2.9865105176397018e+000, -1.6927296924196606e+000,
       6.8670299411619657e+000, 4.3736562913007332e-001,
       7.6253406157299142e-001, -1.5104511342550699e+000,
       5.2264438558963437e+000, 8.4376310709333685e-002,
       -1.0707669037040544e+000, 1.3941529177081274e-002,
       -1.4599919527683434e+000, 8.8025365765354180e-001,
       6.3649722221298592e+000, -4.6474492315492393e+000,
       1.8670632902333061e+001, 1.6967643797682774e-001,
       -1.9308013207805854e+000, -1.3163812575981129e+000,
       5.0220657797840556e+000, 1.3625709708243424e-003,
       -2.5061842126105711e+000, -1.2885776824190875e+000,
       5.5313262044886784e+000, 5.8448802553850387e-001,
       -3.5203434543282190e+000, -1.2723051188294230e+000,
       -9.5923464978450284e+000, 8.9057950253351933e-002,
       -1.4132197725235449e+000, -1.1380136305857032e+000,
       5.4780626758365170e+000, 6.2571952643372508e-002,
       -1.4181054445230218e-001, -1.2457481574295728e+000,
       5.1735393319752365e+000, 5.8452470197232631e-001,
       2.9609774657029608e-001, -1.9686504959231108e+000,
       6.0480533916945260e+000, 7.9943298464192888e-002,
       -4.1819596646620849e-001, 2.0673599490138150e-001,
       5.0975446640149364e+000, 5.7107233895024249e-002,
       1.6650037395359735e-001, 1.4819965590468354e-001,
       -4.4655998837040514e+000, 4.4883835492687080e-001,
       -1.5006920099750816e+000, -1.3465399698132243e+000,
       5.4932423204347707e+000, 5.4741772251264718e-002,
       -1.5977211031431553e+000, -9.3170357707972162e-002,
       3.0973644171348549e+000, 8.4997001326431543e-001,
       2.1491850679968089e-001, 1.0674447667822951e+000,
       4.7315097702100424e+000, 4.0046857751202015e-002,
       -1.9025984047870486e+000, -2.1714627012035753e-001,
       5.1047448941727929e+000, 6.7306771342172250e-002,
       8.9373356003009752e-001, -5.7708195318836597e-001,
       5.1534869562265380e+000, 5.2223023923104218e-002,
       3.8068888507655552e+000, 3.0320072546539119e+000,
       1.7849129360584911e+001, 1.8267338825589161e-001,
       -5.4996005331297182e-001, 9.3053521638845060e-003,
       -6.4279025840255075e+000, 4.9020693355644462e-001,
       -1.5407482764535072e+000, -1.2088224216504750e+000,
       3.8317390310265917e+000, 2.8357895812526956e-001,
       -2.6686963120180387e+000, -1.9771678576430465e+000,
       -9.1368541208751353e+000, 1.2186750414845988e-001,
       -2.8619588155634268e-001, -1.3191079670731853e-003,
       5.6836122383105703e-001, 9.2885926059257262e-001,
       -3.0228497450300779e-001, 3.7353153986450484e-002,
       -6.5315979323806805e-001, 9.5178844486647707e-001,
       9.6175325633834285e-001, 2.2828467096217695e+000,
       1.8656772851472539e+001, 2.1376562875929564e-001,
       1.1996551947282792e+000, 3.9072597789387098e+000,
       1.7956977125445363e+001, 2.2859208745645657e-001,
       -3.3283482691744730e+000, -1.2759454257128073e+000,
       -9.7172469614181765e+000, 1.0695087115966251e-001,
       -3.3551926610446143e+000, -2.3480832289740761e+000,
       -8.9700966391285668e+000, 1.2216523658486504e-001,
       -1.1062018199143307e-001, -6.4694120661192067e-001,
       5.2537414228479138e+000, 5.6606243558748388e-002,
       5.0565187561967946e+000, 1.7852967631493200e-001,
       1.8308559277038967e+001, 1.5395886857006683e-001,
       -1.1729563199306674e+000, 4.5077752418528710e-001,
       5.0253666541430952e+000, 6.2985660863110582e-002,
       3.1094262184279547e-001, 9.4047188381607616e-001,
       4.7486125294375761e+000, 3.7980573614256462e-002,
       -3.3642165772848003e+000, -1.3652248260122044e+000,
       -9.6173731226738894e+000, 1.1108414563806117e-001,
       -4.5108648594240530e-001, 4.4563932006968329e-002,
       -4.8557882005776853e-001, 9.9325184046216131e-001,
       -5.4785609085780496e-001, -1.2320428203818792e+000,
       -1.0187235838098406e+001, 1.4392658473320283e-001,
       3.2397112943249123e-001, 2.1625332004004080e-001,
       4.9759434465588557e+000, 5.2541865647295384e-002,
       6.9531287482793669e-001, 1.2570162041517507e-001,
       -1.6077544825411302e+001, 6.1657110709294409e-002,
       1.1299043620951179e+000, -1.2703543584332866e+000,
       5.2763434083457481e+000, 5.9127161050059579e-002,
       8.6563409006938485e-001, 4.7925546820753961e+000,
       1.7499944930974888e+001, 2.4013575011610519e-001,
       -1.6744152912508630e+000, -1.3042837761427206e+000,
       5.4591843260443653e+000, 6.8189942988033589e-002,
       2.8925878914379172e-001, 4.7746951000497578e-001,
       4.9124897028476058e+000, 4.8950255454563593e-002,
       -8.1747680319095384e-001, -4.9828139601396937e-001,
       5.2515412542264528e+000, 6.3936358166332988e-002,
       3.5789544367050247e-001, -1.5110274704631426e+000,
       4.6877718427260140e+000, 2.6766768358261045e-001,
       4.3793029592241184e-001, -2.6413329698522858e-001,
       5.0996251363154528e+000, 4.8572179584166202e-002,
       -1.9639342557774202e+000, 1.0432170494517619e-001,
       5.1316387716885004e+000, 5.8713973489494399e-002,
       -6.0669479888671840e-001, 1.0684186910057094e+000,
       4.8449723959447848e+000, 5.4262967009727027e-002,
       -7.3517111187407025e-001, -1.2850906186372661e+000,
       5.4606723580346923e+000, 7.1750363144415991e-002,
       5.8750402734956943e-002, -4.1464791135272849e-001,
       5.1546847815619117e+000, 5.6319067127138946e-002,
       -1.1279021857985470e+000, -9.3002231132807989e-001,
       -3.7635551054545422e+000, 6.8162586610410650e-002,
       -2.0188718985559603e-001, -9.7962119123783697e-001,
       3.7461386626854143e+000, 6.6709476867998641e-001,
       5.1491862332136940e+000, -7.0810425519786935e-001,
       1.8465390701257107e+001, 1.4379257675478507e-001,
       7.0005839220069399e+000, -6.2608556935529176e+000,
       1.9202864324864240e+001, 1.5597098929453027e-001,
       6.1996223557074848e-001, 1.1164935360666417e-001,
       -1.4332048047574943e+001, 5.5753778874917871e-002,
       -1.6206601398815552e+000, -2.2514358875204881e+000,
       -9.4642953912166163e+000, 1.4793987110435905e-001,
       5.1145686522950520e+000, -5.0934139293115299e-001,
       1.8383586619629099e+001, 1.7628896717683903e-001,
       3.9946504334794115e+000, 1.0481359382849000e+000,
       1.8291583235516836e+001, 1.6570620890437823e-001,
       -1.7763437761720002e+000, -1.0931479823293826e+000,
       -9.9923916111227769e+000, 1.2731211138287063e-001,
       -8.8554599861894778e-001, -9.0996720729398317e-001,
       5.2975758995345164e+000, 6.0912709688983144e-002,
       -3.3688137671581753e-001, -1.3061736759432994e+000,
       -1.0225271152882993e+001, 1.4879883343135203e-001,
       2.7084124344308003e-001, -1.3810488465516740e-001,
       4.2333857276306990e+000, 7.6337382838380252e-001,
       -4.1500139548954429e-001, -1.6505512944724396e+000,
       5.5327982546145886e+000, 6.4637883083540154e-002,
       -1.8867202099985720e+000, -1.6945042901028580e+000,
       5.5386186124492802e+000, 1.7453772606970425e-001,
       2.9983355408241052e-001, 4.4517921416660355e-001,
       4.9411569209681545e+000, 4.2151404302146846e-002,
       4.2206013867221603e+000, -2.5365401776797053e-001,
       1.8566088208940606e+001, 1.7252948525445472e-001,
       -3.0561087722248317e+000, -1.0605920542723091e+000,
       -9.6839867975722917e+000, 1.1047135166020618e-001,
       -4.3395997670299380e+000, 1.1542505599006000e-001,
       -9.9901754091642303e+000, 8.0512869027465184e-002,
       -3.7669171967631541e+000, -2.0462936111750407e+000,
       -9.0745351458997323e+000, 1.0784374872689852e-001,
       -2.7324502010102469e-001, -4.9967340457304277e-002,
       1.5669737684747234e+000, 9.7436466237740826e-001,
       -2.8534029738688256e+000, -2.5440350802856848e+000,
       -8.9580754518567645e+000, 1.3182569976108169e-001,
       -9.4934938721598278e-002, -4.2313703460043844e-001,
       5.2942706601421836e+000, 5.3616796739384416e-002,
       -1.7310005636589227e+000, -1.2429986283427947e+000,
       -9.9926140404427315e+000, 1.2540178566769056e-001,
       6.3388147112575624e+000, -1.4475040569390942e+000,
       1.8234767545762637e+001, 1.8482544655698929e-001,
       2.2144245123067878e+000, 9.4948576960893560e-001,
       -1.0352804655186745e+001, 3.5566731685429281e-001,
       -1.2802786153793639e+000, -1.5627931008935714e+000,
       5.5683501803096895e+000, 6.3250458493350176e-002,
       2.2891054544798206e-001, -1.4348822869793652e+000,
       4.6383999143323731e+000, 5.4985380316184496e-002,
       5.9065055611613915e-001, 9.0009196913366052e-001,
       4.7360296645629880e+000, 3.0915953658073668e-002,
       1.8094594033944406e-001, 2.0674407494484504e+000,
       1.8714200701098441e+001, 1.8017948206692858e-001,
       6.1349201229114203e-001, 1.0317513570202950e+000,
       4.6995771104677271e+000, 3.2199318174615923e-002,
       -1.3967246125890251e+000, 3.3254767745355993e+000,
       1.7369389173869617e+001, 2.3304678076004909e-001,
       6.1726641882258537e+000, 2.1768558079245417e+000,
       1.7275281781799528e+001, 1.6241567536148091e-001,
       -1.7752348674916685e-001, -1.2616785092559379e-001,
       3.9340417671574706e+000, 1.3986840862855543e-001,
       1.0493295686248132e+000, -4.0919501979492977e-002,
       4.9006390513972704e+000, 4.5867415240928466e-002,
       -3.0227617507590704e-001, -1.5833431236076179e-001,
       5.7140704019254251e-001, 9.4332019720323290e-001,
       2.6510580901695374e-001, -9.3176102332865673e-001,
       4.0294333154507536e+000, 7.4083246313701023e-001,
       -2.3908162838873570e-001, 9.8003342168386798e-001,
       4.8959158682268482e+000, 5.0506809235247217e-002,
       2.8539944300769304e-001, 1.0830147629391866e+000,
       4.7233197512268745e+000, 3.8336441857214625e-002,
       -2.1260408471628103e+000, -1.0488084799364248e+000,
       -1.0005966712986012e+001, 1.2272031422564975e-001,
       -2.4995395344767362e+000, -1.4080366047500317e+000,
       -9.6620771348328702e+000, 1.1620086748837580e-001,
       -1.3842123893882758e+000, -8.4026613746708190e-001,
       5.3317846696840938e+000, 6.4477027637660111e-002,
       4.2376677799702369e+000, -2.6604227939393144e-001,
       1.8307853801016449e+001, 1.7436442587487005e-001,
       5.1217739770660238e+000, 2.3462115425333776e+000,
       1.8182251140592655e+001, 1.5115813787978907e-001,
       7.3770251674141163e-001, 1.1784675913918323e+000,
       4.5834790970991559e+000, 2.9612538177567187e-002,
       -1.7012669723969869e+000, -1.2315817124590187e+000,
       -9.7334874693025242e+000, 1.1737788092034933e-001,
       -1.8854860854009270e+000, -1.2860211140913542e+000,
       4.9040514854396946e+000, 2.2066970628020668e-004,
       -1.3017395631480022e+000, -7.7963194488641152e-001,
       5.3293319445414742e+000, 6.2597447339685877e-002,
       -1.2177335576099475e+000, -1.0626545708014112e+000,
       -3.6930479876619953e+000, 7.0596774411465946e-002,
       -7.5561623741190320e-001, 1.2481652867705577e+000,
       -5.0884364774800792e+000, 5.6591905718729507e-001,
       -2.3819742147253202e+000, -1.1564554651124905e+000,
       5.3689630952427922e+000, 5.9274154162710846e-001,
       6.9785459923614945e-001, -9.9574467902201758e-002,
       5.0115545637092467e+000, 4.8799667247067670e-002,
       1.7006145322682992e-001, 4.5948903617386677e-001,
       4.9175538132427814e+000, 4.7659551800585981e-002,
       4.1470233313349780e+000, 2.6272566142695206e+000,
       1.7732591758622959e+001, 1.9894465505102849e-001,
       -1.1298157513894214e+000, -1.0310474938569416e+000,
       -3.7216184473852132e+000, 6.8970911912219823e-002,
       9.8962164899451766e-001, -9.7556130378509143e-001,
       6.4590760017654496e+000, 4.4032633194413717e-001,
       -1.2719220885064693e+000, -1.6927237994685784e-001,
       5.1779347391327981e+000, 6.4815817586295052e-002,
       1.1033712879431046e+000, -1.1321892184339866e+000,
       5.2515203190847064e+000, 6.0984413256533539e-002,
       8.2105230864303191e-001, -4.0568371555073834e-001,
       5.0960550402612226e+000, 4.8788047531162095e-002,
       -1.3034493176933455e+000, -4.9972689992532615e-001,
       -3.9013440267910768e+000, 5.4349269458258895e-002,
       -3.1651087916345189e+000, -1.2235433363300268e+000,
       -9.4635786464060896e+000, 1.0983691931231825e-001,
       -9.9552977699290968e-001, 2.3925023360213757e-001,
       5.2192387220997496e+000, 8.5315938976979783e-002,
       6.0044160287657888e+000, 2.3550903846620410e+000,
       1.8031895733178601e+001, 1.6360951180008201e-001,
       -2.4857446923906124e+000, -1.2881016996066452e+000,
       5.8408283763591866e+000, 6.8226228684231593e-001,
       9.6204859657815930e-002, 1.0161285192819554e+000,
       4.7920610383167732e+000, 4.9922417322777246e-002,
       -1.6013563121457945e+000, -1.4371197295718607e+000,
       5.4792206592060175e+000, 7.0723735312199706e-002,
       4.9247816490570404e+000, 4.8388520574533729e+000,
       1.7606517116800255e+001, 1.7307336521758787e-001,
       -6.7240133606655528e-001, 2.4097328964091821e-001,
       5.0787566358994498e+000, 5.3932804179667462e-002,
       1.5330091196783246e-003, -5.7748274890994089e-001,
       5.5020088785702574e+000, 3.5245771937307557e-001,
       -1.5442247095135986e+000, -1.5634435362413375e+000,
       5.5414724536174198e+000, 5.6617412890195833e-002,
       1.3250224310506206e-001, 5.4881251593074143e-001,
       4.9640421246978335e+000, 5.6180919323561868e-002,
       5.7977938037790083e-002, 1.2776286200200073e+000,
       4.6815917059997441e+000, 4.3977205230040464e-002,
       1.8206629351277162e+000, 3.2395445122509696e+000,
       1.8332742866115037e+001, 2.1774581041067789e-001,
       2.7583337165048433e-002, 4.4863677363166730e+000,
       1.7849167371750021e+001, 2.5801035969364672e-001,
       -1.1652639812865515e+000, -1.0979785564136666e+000,
       -9.9560592889365012e+000, 1.1445565416245435e-001,
       -1.4136696738842494e+000, -1.2908373677500875e+000,
       5.4507929692204105e+000, 6.0646319277315744e-002,
       5.8614458716353757e-001, 8.9339497335682017e-001,
       4.6997218601376414e+000, 3.0278577772203680e-002,
       -8.0234912871446262e-001, 1.5516497808346494e-001,
       5.0950982859643883e+000, 6.6440006553600411e-002,
       -2.0604992775601074e+000, -6.9191869232154435e-001,
       5.2245369354696587e+000, 6.1058029263768791e-002,
       -2.2380499111269991e-001, -4.2299320032558163e-001,
       5.2172182382928884e+000, 6.0560650828907103e-002,
       -9.7637999003944942e-001, -5.9582133013706873e-001,
       -3.9466458645803328e+000, 6.0722910134836793e-002,
       -1.6183482243347056e+000, -7.7611996089511492e-001,
       5.3330174580671947e+000, 6.5704154779269594e-002,
       -4.0209592018638425e+000, 3.2615486821339017e+000,
       1.6719393235652305e+001, 2.7288068289307560e-001,
       -2.6404396053245405e+000, -2.2208581557946570e+000,
       -8.9986508802433836e+000, 1.3580719440629949e-001,
       4.5733505407637054e+000, 2.6142452671881524e+000,
       1.7786206830639923e+001, 1.7135521109810778e-001,
       7.3266462989185321e-002, 7.9717108474470766e-001,
       4.8308459125826593e+000, 5.2792852359776841e-002,
       5.6237093634373447e-001, 5.4233970402584819e-001,
       4.8370957519262880e+000, 3.7648137433833016e-002,
       5.5631240652870177e+000, 2.1740403727589732e+000,
       1.6714912139648497e+001, 1.7009654563645268e-001,
       -1.1694269757497824e+000, -3.3990958799612553e-001,
       -4.0341310180565433e+000, 5.7116198620721030e-002,
       9.3488385976300670e-001, 2.3608193631029084e-001,
       4.8600730317320853e+000, 4.1399680485519619e-002,
       1.9420666834065500e-001, -1.7674626816789174e+000,
       7.1517911001864194e+000, 5.8125789366186476e-001,
       4.6089062506694862e+000, -5.7127577536501806e-001,
       1.8466270558798172e+001, 1.6445440901868844e-001,
       -2.7788161065448136e-001, 1.7355527484055402e-003,
       5.7699721935466897e-001, 9.2578997455577261e-001,
       -1.5332925548839715e+000, -4.5801003480315447e-002,
       6.2703795481539970e+000, 8.4313787343913468e-002,
       -4.0508077859126974e+000, -6.8639190614684931e-001,
       -9.8743367226689323e+000, 8.0726656558366860e-002,
       2.1335283200463238e+000, 2.6493838683777948e+000,
       1.8138157780065121e+001, 2.0492572867390113e-001,
       9.7041846191033276e-001, 2.9019520341392147e-001,
       4.8126636198207464e+000, 3.6134976291667037e-002,
       -5.6675100406139059e-002, 3.6972979618428881e-001,
       -3.9754635766341417e+000, 1.4432997180394502e-001,
       -7.2376047181200764e-001, -5.2034934069308425e-001,
       -4.0703555500299480e+000, 5.7724981680650440e-002,
       -5.7865698002216304e-001, -6.8836534925657245e-001,
       -3.9814428323632631e+000, 6.4025987714984953e-002,
       -1.2381484871464770e+000, -6.7676053320428742e-001,
       5.2474223273158085e+000, 6.1447659308966111e-002,
       -3.0336091191724635e-001, -1.4179556592959517e+000,
       5.4012762841786426e+000, 6.0417576343107994e-002,
       -1.1937422779288205e+000, -1.9214874052356287e-001,
       5.1287543729157328e+000, 5.6450034038739001e-002,
       -2.0589842743156117e+000, -1.5970840622341120e-001,
       5.2943595587271171e+000, 6.2213470480717091e-002,
       -4.7449539591586026e-001, -7.7691381626089531e-002,
       5.1559553241356948e+000, 6.4108837375617234e-002,
       -7.2896972678067029e-001, -2.1683064468315116e+000,
       7.3133299547977444e+000, 3.3452599436360164e-001,
       -6.6649033589747608e-001, -2.0689303506533574e+000,
       -9.5907075298361768e+000, 1.5535679169959166e-001,
       -1.4375821669778452e+000, -2.4534344594028917e-001,
       5.0813659479742208e+000, 6.6101880156531401e-002,
       -2.6201907525905108e+000, -2.1361158570082401e+000,
       -9.1745697307982184e+000, 1.4351874476718493e-001,
       8.3561498971510462e-001, 6.1909971352263671e-001,
       4.8025119048978748e+000, 3.4903527102087599e-002,
       -1.9196060916206246e+000, 2.9645832988281962e+000,
       1.7331264100697631e+001, 2.3394054849720830e-001,
       -1.3297738312580405e+000, -1.5321831106725776e+000,
       5.5172221715193253e+000, 5.7887592990682121e-002,
       -9.0485618446270122e-001, 3.6078940211392108e+000,
       1.8106956658533413e+001, 2.2522819106402245e-001,
       6.5976895734798511e+000, -4.1682231261708491e+000,
       1.8352541186527560e+001, 1.5060830014025994e-001,
       -3.9915715076225080e+000, -1.6880652741937960e+000,
       -9.2165755080637162e+000, 9.0701187589273147e-002,
       -1.2372955419933485e+000, -4.3622857804561738e-001,
       5.1801073061079075e+000, 7.5093889871499758e-002,
       1.0048028860673172e-001, 4.6163359716179742e-001,
       4.9404811235732318e+000, 4.8845570214649227e-002,
       -5.3779902588673534e-001, -1.2873052230455011e+000,
       5.2083448099100895e+000, 7.9084343310514671e-002,
       2.9683773972622307e-001, 1.2258252779824257e+000,
       4.6734925170591364e+000, 3.6096415121643056e-002,
       -1.0438202384452926e+000, 9.2990923147131158e-002,
       -1.5155496760742504e+000, 8.9114408340023366e-001,
       -1.3353029834985786e+000, 2.1777527644025096e-001,
       5.0456722108257512e+000, 6.4803353213503501e-002,
       -8.1544550294795748e-001, -5.0406849140340870e-001,
       -4.0130488381907767e+000, 7.0969004132325472e-002,
       -8.3696066701702865e-001, -9.9749007680255664e-001,
       5.2956077823319889e+000, 7.2663267866520095e-002,
       -1.9948180557568080e+000, -1.2517323886981613e+000,
       -9.8545173793898719e+000, 1.4874844763226766e-001,
       6.8407337334366103e-001, 8.3522108571212372e-001,
       4.7254581062898904e+000, 4.0048778065803446e-002,
       2.1549209253483259e-001, -1.7383219616364693e+000,
       -1.0549977041777574e+001, 1.1779222299385736e-001,
       -1.9762655614890332e+000, -9.5352198588429360e-001,
       5.2918845580168759e+000, 6.5285753557388526e-002,
       8.9852348118076741e-001, 4.5324194278462326e-001,
       4.8372648548125738e+000, 3.6507574428640471e-002,
       -2.1717539386428832e+000, -2.5999581785612169e+000,
       -9.0541871750828307e+000, 1.5061814863542849e-001,
       5.2259262557402115e+000, 1.5671102144187594e+000,
       1.7832767386938357e+001, 1.7811369929035520e-001,
       -8.7683783091911416e-001, 8.9532902449581253e-001,
       4.8774746563845301e+000, 6.4542198996630371e-002,
       -1.3292253113280936e+000, -2.0116714969447022e-001,
       5.2244260825666293e+000, 5.9397912081673658e-002,
       8.3493306928040778e-001, -8.0302525913922973e-001,
       5.3379297301840527e+000, 3.5615624783754396e-001,
       8.1566803839594093e-001, 4.0401924611074658e-001,
       4.8428921655826898e+000, 3.4871511832372457e-002,
       -3.4235902294154155e+000, -7.9942858083104584e-001,
       -9.7825613099680719e+000, 9.3788515807536998e-002,
       1.4573579990351149e-001, -1.0873122807270055e+000,
       5.2660378683952214e+000, 6.3288536943909693e-002,
       -1.6827454838419129e+000, 7.1256785676832335e-001,
       4.9000778601329653e+000, 7.2715068396859719e-002,
       4.0267134648596414e-001, -9.9407459037093071e-001,
       5.2698365572152683e+000, 4.3744643599670063e-002,
       -2.7993381537796536e-001, 2.8367273720979053e-003,
       6.0944750995392150e-001, 9.3196362293175328e-001,
       -4.8127360997688690e-001, -1.7043363738315123e+000,
       5.5348978645131375e+000, 6.6828559329109624e-002,
       1.2202465285436320e-001, -6.4423120374696086e-001,
       2.4792065960564900e+000, 8.3061075780466664e-001,
       -2.5604870765599957e-001, 8.4592879513474384e-002,
       6.2151427563128092e-001, 9.2166859033740134e-001,
       -1.1312245459426895e+000, -6.4371268517973435e-001,
       -3.8714511711140744e+000, 6.5901007337624648e-002,
       -4.0144480742532025e+000, -5.3613125149566565e-001,
       -9.8411894196157412e+000, 8.8335840417991154e-002,
       -1.4022713656486679e-001, -7.6298055577807708e-002,
       -1.0616259517906745e+000, 9.1642551131995797e-001,
       9.0825399793580219e-001, 2.7817258291272751e-001,
       4.9233541736470166e+000, 4.1504595127865161e-002,
       -7.3226320948087809e-001, -2.1863656804344913e+000,
       7.4004209372441148e+000, 3.2092937996126714e-001,
       3.2388278297262985e-001, -9.4634563765549817e-001,
       5.1850788106675783e+000, 6.3724476779751238e-002,
       -6.2261808043473521e-001, 4.8475064628828823e+000,
       1.7661727048567180e+001, 2.7041388375873388e-001,
       6.7158332221774142e+000, -4.6512337387055140e+000,
       1.8564928375567014e+001, 1.2208684859003172e-001,
       -1.9967946744218277e+000, -1.2699428700857061e+000,
       -9.8823081671298691e+000, 1.1928241178456825e-001,
       6.2970128394756542e-001, -1.1364118948215099e-001,
       5.0178542408756552e+000, 4.8764325235026912e-002,
       6.5024959106269842e-001, -9.7408780067028311e-001,
       4.3162559491201193e+000, 4.0722932666124512e-001,
       -9.6404240867931645e-001, 7.1549384811318473e-001,
       4.9368565282167207e+000, 5.8466916962029734e-002,
       -1.8839852091905804e+000, 1.2622143780333563e+000,
       4.5179745108080791e+000, 8.2625947117007423e-002,
       -2.0555579047878222e-001, -9.7162029591506704e-001,
       3.7032182276355803e+000, 6.7219566066775438e-001,
       -1.6731115602435893e+000, -1.3787367534208796e+000,
       5.4855371403193516e+000, 5.4743680170034795e-002,
       3.8377423338805259e+000, 2.3397157224511123e+000,
       1.7621742823656636e+001, 2.8214076104262853e-001,
       1.3389727888534783e-001, 1.0640193182476110e+000,
       4.7622986751529162e+000, 3.8557402353967478e-002,
       8.2536255989358676e-001, 3.6198623867741209e-001,
       4.8193459752066197e+000, 3.9073301918445706e-002,
       1.1986071532032900e+000, -1.6376986531761017e+000,
       5.3529087187353683e+000, 6.6723410234474312e-002,
       -2.9052176949040938e+000, -1.0300733109743607e+000,
       -9.7158571592623293e+000, 1.2508819184721542e-001,
       6.1292827076417167e-001, -3.8766590342120055e-001,
       5.0848794705137967e+000, 4.9300512867577619e-002,
       6.1522961737900825e+000, 1.0147973955462633e-001,
       1.7632555196089818e+001, 1.3671140208255114e-001,
       -9.8084224635024886e-001, 7.9921927585711344e-002,
       5.1497072043533869e+000, 5.0589700410285564e-002,
       2.0680027320188377e-001, 8.3434685397646302e-001,
       4.8041758250989322e+000, 3.7644212212643656e-002,
       -1.3820597227039066e+000, -3.1583195929301516e-001,
       -3.9512333472491172e+000, 5.1850530004862082e-002,
       -1.1795959396057341e+000, -7.6470511716161116e-001,
       5.3115380917803616e+000, 6.6951467907588991e-002,
       -1.3331957007270603e+000, -1.5416690486640019e+000,
       5.5254219387030172e+000, 7.1990967418772353e-002,
       6.0977759056595096e+000, 4.3932028760630280e+000,
       1.7751787726298261e+001, 1.7242493784008125e-001,
       -5.0733906503339510e-001, -2.9184236339229686e-001,
       5.1177152857153256e+000, 4.5187694163657040e-002,
       9.9688749484784367e-001, -8.6317309830322353e-001,
       5.1541502664324810e+000, 6.5233520540001547e-002,
       7.1493088877140654e-001, 3.5142648551831995e-001,
       -2.6790091058641867e+001, 2.5260934696733062e-001,
       -2.8646237097174992e-001, 2.0305586747241942e-002,
       6.7558333157374595e-001, 9.4223129795919236e-001,
       5.4832339686889338e+000, 2.3990241426377503e+000,
       1.7759058047439041e+001, 1.5809075746447065e-001,
       9.9083363500829513e-001, -2.1415408610254527e-001,
       4.9771242674844327e+000, 4.9852762747969445e-002,
       7.4924348595734602e-001, 3.9520792991790121e-001,
       4.8094037864993986e+000, 4.2329353947599513e-002,
       -1.1936143013610065e+000, -2.2401175296265698e+000,
       -8.5904402628669629e+000, 9.4986890188507991e-002,
       -1.0474396904017813e+000, 1.2468712438527857e-001,
       -1.4810265349018505e+000, 8.9155507133968981e-001,
       -1.8669198121656447e+000, -9.1317178758742834e-001,
       -1.0003203880725415e+001, 1.2430791826482927e-001,
       4.0108734977442589e-001, -1.3253363894718614e-001,
       5.0731494474946786e+000, 5.1270317427243292e-002,
       -3.3029044037848552e+000, -7.4481231835488637e-001,
       -1.0217955349974520e+001, 1.1214306406303938e-001,
       -2.2363815991680926e+000, -5.9793617837635327e-001,
       5.1770197911648754e+000, 6.1489257378818794e-002,
       -4.6536505027322295e-001, -1.0404814656720637e-001,
       5.0689761021472881e+000, 6.6090236468593203e-002,
       -9.4410773555643712e-001, 2.0251637716114135e+000,
       -6.1820885723954255e+000, 4.2109919007429436e-001,
       -1.3005773972675738e-001, 3.4105570386764816e-001,
       4.9962626043381402e+000, 4.5984365564986557e-002,
       -2.4743569569700439e+000, 4.6083967774172816e+000,
       1.7065058289487567e+001, 2.5931992266165022e-001,
       -2.9885160553769516e+000, -1.2811158434179699e+000,
       -9.6307648955260650e+000, 1.2478887278119524e-001,
       6.0280270575883783e+000, 2.3461089900034411e+000,
       1.7661244353228760e+001, 1.4140443552492238e-001,
       -3.9624975024612552e-001, 4.6884750198654312e-001,
       -1.8110648136504932e+000, 9.5054626156736577e-001,
       -1.3556285081908395e+000, -9.7347669935488421e-002,
       5.1652676389771752e+000, 8.2836521529158463e-002,
       4.3964871793464608e+000, 2.5097874495163266e+000,
       1.7898354285446857e+001, 1.8039070172867877e-001,
       6.4537091481158804e-001, 8.0830846986302762e-001,
       4.7747429529312697e+000, 5.0360764679234886e-002,
       -9.6704402549895274e-001, -2.6510493920829553e-001,
       2.3679645909519524e+000, 9.3753548127376374e-001,
       -4.9338494540908279e-001, 3.5959296641798491e-002,
       -1.6261951657254603e-001, 9.9810793664967290e-001,
       -5.0241121850238213e-001, 1.7759845046346270e-002,
       9.8318657952971011e-003, 9.6377131202008792e-001,
       -2.0937137380039781e+000, -9.3635282145896848e-001,
       -9.9573712607592917e+000, 1.2154571626889681e-001,
       -2.9088598015733269e-001, 3.0011510998712826e-002,
       6.7176204262390127e-001, 9.4374125718585600e-001,
       2.6916598645464790e-001, -7.0165348374540956e-002,
       4.5897016753504500e+000, 1.6844593818059800e-001,
       3.7462380799902943e+000, 4.9451247841665413e+000,
       1.7814841502060673e+001, 1.9651557418652035e-001,
       -2.9758925721236638e-002, 4.3539451152499553e-001,
       5.0292337522403603e+000, 5.7876807634989237e-002,
       -4.1674521119871144e-001, 2.4746521963232299e-001,
       5.0954426757860425e+000, 6.2026740911583590e-002,
       -1.3348846175473472e+000, -5.0692478322398959e-001,
       -3.9009298945996020e+000, 5.3251204643385390e-002,
       -1.9002015598018573e+000, 1.1740228789390081e+000,
       4.5589660720663501e+000, 7.4325673933195002e-002,
       3.3161135552854253e+000, 4.8601531044196697e+000,
       1.7900110234676120e+001, 1.9537750454897387e-001,
       -4.9749277513914525e-001, -1.1053786663229297e-001,
       5.1899773407161938e+000, 5.9845941050881181e-002,
       -1.7778270885558816e+000, -1.9520299927608939e-002,
       4.8480417888553013e+000, 1.3159698720734220e-001,
       5.9753121872608972e+000, 4.3597142167795369e+000,
       1.7991966797673257e+001, 1.4473364414305978e-001,
       6.0280254380361886e-001, 3.3700565517131109e-001,
       -5.4028958468088737e+000, 6.1028395214577957e-001,
       2.8503855023365365e-001, -1.1464404749596615e+000,
       5.2657784588759498e+000, 4.6960666724159994e-002,
       -2.0015802785649175e+000, -1.0707256561269820e+000,
       5.3085571294515805e+000, 6.4288046581462172e-002,
       -1.0207642067990355e-001, 8.0159408789320818e-001,
       4.8117194062170743e+000, 3.6139578386249184e-002,
       -2.8071343111094076e+000, -1.5036329518661571e+000,
       6.2923042320623841e+000, 5.5305053970965312e-001,
       -8.6160475025215999e-001, -4.2251952575622181e-001,
       -4.0627869516678601e+000, 5.6177671732900065e-002,
       1.0556029907388720e-001, -2.8154504041378825e-001,
       -4.3026184548329800e+000, 5.2146944232293817e-002,
       -7.8324937500238292e-002, 1.0433350474715573e+000,
       1.8890366073039168e+001, 2.0842014296275502e-001,
       8.1692441324916676e-001, 6.9648195269178437e-001,
       -4.7370627446715297e+000, 7.2299123574897906e-001,
       -8.2947938386165365e-001, -9.1782146593502589e-001,
       -3.8391661923279377e+000, 6.9036917562234734e-002,
       -4.8081357980503048e-001, 1.8738262612063093e-002,
       -6.0405278919424044e-002, 9.5481156996684391e-001,
       -1.5486020230045167e-001, 2.5315891469818097e-001,
       4.9750043118373153e+000, 4.6716640645969809e-002,
       -1.3170929969990972e+000, 2.1612191812684425e-001,
       4.1401536102989036e+000, 5.5254766409475478e-002,
       -8.8936366114613097e-001, 1.1254103546455309e-001,
       -1.9202947615706469e+000, 9.0058446029591144e-001,
       -7.6697232630835588e-001, -1.5608159254171323e+000,
       5.5248186231868459e+000, 6.1150033118271122e-002,
       -1.9200916393038747e+000, -8.3116312421222793e-001,
       5.2319574368531061e+000, 5.9359972848119821e-002,
       -1.1314800955533080e+000, -1.5156543804110731e+000,
       5.5739750261255736e+000, 6.9868192818536748e-002,
       8.0829899269934602e-001, 3.8998312106015298e+000,
       1.8852089784187136e+001, 2.6351037215044271e-001,
       -9.3364287035151139e-001, 8.9373619159163020e-001,
       4.8730652213182148e+000, 7.0422616956519885e-002,
       -1.6484823240938491e-002, 2.8058051794418792e-001,
       5.0555451893750067e+000, 5.1855241883528760e-002,
       -4.4028968658713968e-001, 3.2203174516266597e-001,
       -1.2340441760744798e+000, 9.7775962900048896e-001,
       -2.9907480099348511e+000, -1.7415137722836045e+000,
       7.6484017881480320e+000, 3.6019180593820588e-001,
       6.1727756296773304e+000, 6.8587122754500254e-002,
       1.8417343725130209e+001, 1.4915069234497785e-001,
       -2.1792784690623939e+000, -1.8144381645714192e+000,
       5.6216767254178412e+000, 6.0790153127304437e-002,
       -3.3250545908509785e+000, -2.1818739766723119e+000,
       -9.1223221820338836e+000, 1.1663453019194124e-001,
       -5.8489290283110273e-001, -1.7145574658887699e+000,
       5.5596605156091847e+000, 6.9332066560898270e-002,
       -1.2383469386406722e+000, -9.9208382072482304e-001,
       -3.6692361736489989e+000, 7.7601629399990796e-002,
       3.2313294130925687e+000, 2.3719713408244205e+000,
       1.8832673505932597e+001, 1.7965372979132335e-001,
       -1.2461400524185773e+000, 1.2326874604363489e+000,
       4.7796962695700440e+000, 6.6148859053795403e-002,
       -1.1068173109212431e+000, -2.5445859052312864e-001,
       -4.0760846124062935e+000, 4.7183906333647906e-002,
       -1.8360454721854380e+000, -1.9811470464725539e-001,
       4.3318611285323829e+000, 4.0707034688390424e-002,
       4.6062969798701179e+000, 3.2267264174990391e+000,
       1.8016095026722674e+001, 1.8756628152534910e-001,
       1.1751672636756068e+000, 3.5910843206083083e+000,
       1.8311948881204358e+001, 2.4561352312146806e-001,
       -1.4298080670852946e+000, -6.4295622633618721e-001,
       -3.8225585275713190e+000, 5.9292653280956377e-002,
       -9.4389712824240313e-001, 3.6066363752424102e-001,
       5.0439602874033156e+000, 6.4823306981711973e-002,
       -1.2555849358067497e+000, 1.2418828927199428e+000,
       4.8158172660857712e+000, 6.6885637336884268e-002,
       -5.4735209197719614e-001, -1.1923565891380670e+000,
       5.3475411477961030e+000, 5.9751647507018175e-002,
       -2.5068336349575908e+000, 1.1033862088213666e+000,
       1.7964274547810152e+001, 2.4926602595149824e-001,
       -1.7883429547102816e+000, 4.7279824155332489e-001,
       5.4712026192710361e+000, 4.2755473024378508e-002,
       2.0301917811182761e+000, 3.2599668479813770e+000,
       1.8002078133161437e+001, 2.2591889121884798e-001,
       4.8023493567719600e-001, -1.0525267417159303e+000,
       5.2370323293240553e+000, 6.4910899977144124e-002,
       -2.5879307787892363e+000, -1.3761629073132335e+000,
       6.2391349810287480e+000, 1.2073202005813391e-001,
       -2.6716337953101732e-001, 1.0234044925008368e-001,
       6.7030750350765023e-001, 9.3328400275773649e-001,
       -5.2754187883148074e-001, 1.2963029627130543e-002,
       8.8700908500127684e-002, 9.5545609582121893e-001,
       -6.1003083773571265e-001, -7.6801772582422245e-001,
       -3.9455434169040604e+000, 6.0298534181817243e-002,
       -7.0041660943814685e-002, 3.9824256048557705e-001,
       -4.4045678503158925e+000, 1.3865836868787282e-001,
       -2.0646581378251128e+000, -9.4036145044153763e-001,
       5.2925826365698532e+000, 7.0844640582252996e-002,
       -2.8206476915874323e+000, -1.8864609932722654e+000,
       6.6555870888822746e+000, 9.9591138439904067e-002,
       1.0091923721434237e+000, 1.3012031661082862e-001,
       4.8567607037320126e+000, 3.9026818447387521e-002,
       -2.0172096291134700e-001, -3.4584042262496284e-001,
       1.6654638728082517e+001, 2.2647630385593187e-001,
       -1.0338532419004514e+000, 1.9536703601413230e-001,
       -1.5234607474322339e+000, 8.9790243869984343e-001,
       -2.5909006672014701e+000, -2.5047546537382335e+000,
       -9.2033516685358876e+000, 1.3760818889884399e-001,
       -1.8524416390787528e+000, 2.8617408718337796e+000,
       1.6732438198815878e+001, 2.2625029640433866e-001,
       5.3385143434591775e+000, 4.1624557966068583e+000,
       1.7903501225089350e+001, 1.6170862457384519e-001,
       6.1572611650307874e-001, -2.1147214700243702e-001,
       5.0368349172648763e+000, 4.7950430230238331e-002,
       -9.8796197784292961e-001, -5.6797933440338999e-001,
       2.5670279209838149e+000, 9.5715564904810102e-001,
       -1.6885348460733118e-001, -5.5027277135388375e-001,
       1.7823668228029832e+000, 9.6516312833159768e-001,
       -1.7450824365425011e-001, -1.1517657029939306e-001,
       3.9333207166883746e+000, 1.1730491143470879e-001,
       -1.1446492586198140e+000, -9.4601340162722380e-001,
       -3.7462032159792278e+000, 6.6579020558664187e-002,
       -6.7661989737090755e-002, -7.1216840817590299e-001,
       2.7081850676753794e+000, 8.4516781595493262e-001,
       -1.3383509338931185e+000, 1.0701265515710927e+000,
       4.8347966657474775e+000, 6.7260052514893642e-002 ]
