%YAML:1.0
current_middle_points: !!opencv-matrix
   rows: 680
   cols: 4
   dt: d
   data: [ 1.7191610329766746e+001, -1.3068698712845226e+001,
       4.4600813810721107e+001, 3.6754566697435553e-001,
       2.5812635020391008e+000, -8.8460792668516763e+000,
       5.2367079152065003e+001, 5.3262269916032245e-001,
       1.1981992368694186e+001, -8.3261667566949757e+000,
       4.1845612785159119e+001, 3.9871892456350955e-001,
       1.1560448835639210e+001, -8.2104908196654645e+000,
       4.7669315694174202e+001, 3.7887903442343179e-001,
       2.0217262476890889e+000, -9.7020320706931535e+000,
       5.8857246877908146e+001, 5.2650974631399705e-001,
       3.5682306362005631e+000, -8.9349487569313943e+000,
       5.5457403557280799e+001, 5.5688237731985912e-001,
       6.0083175321917981e+000, -8.2504575622664014e+000,
       5.2371919245749396e+001, 5.5106403657147518e-001,
       9.5789433304892739e+000, -8.0743009963555394e+000,
       4.0775451958808148e+001, 6.8963959443640122e-001,
       5.0826941666444139e+000, -6.0933799334959939e+000,
       5.0632245037745612e+001, 5.3722945745139405e-001,
       1.3974750420853623e+000, -8.7658012499036992e+000,
       5.6117716640408375e+001, 5.7271065593049153e-001,
       1.4412402321566795e+001, -1.1147690187902997e+001,
       4.1334244233409919e+001, 4.1186700001382531e-001,
       1.3077159509391290e+001, -8.3457222453793598e+000,
       4.8005627747160958e+001, 3.6945881546173698e-001,
       1.0419637626797263e+001, -6.6646132305052106e+000,
       5.0424239940322451e+001, 4.3731016927216237e-001,
       1.3638854490917332e+001, -8.3112527888767787e+000,
       4.5639922630224689e+001, 3.1698188015425283e-001,
       1.1059010161421684e+001, -1.3211018523030017e+001,
       4.5460419484911540e+001, 4.1977588774549413e-001,
       1.3399912356812022e+001, -1.3682096145984540e+001,
       4.5604899108662735e+001, 3.8639508692420221e-001,
       1.2312768124617671e+001, -1.3111786441181774e+001,
       4.5509283072104793e+001, 4.3305956828948905e-001,
       4.6482769376626827e+000, -7.4492710822183934e+000,
       5.4950942755318607e+001, 5.0919448111880938e-001,
       1.5168808659575616e+001, -1.5313732352658931e+001,
       5.0649633090045363e+001, 5.0260351097047740e-001,
       7.1862786184513769e+000, -8.1757093366305185e+000,
       6.0418090023587524e+001, 3.7662212454542437e-001,
       3.2714161414257230e+000, -4.0760824438934797e+000,
       5.4921581199081686e+001, 5.7667228461937481e-001,
       1.2832828349673612e+001, -7.3659330152234403e+000,
       4.5035445249989053e+001, 3.1837274151895018e-001,
       2.0249924889745006e+000, -9.6360104557001094e+000,
       5.6501155933738843e+001, 6.0198105509007016e-001,
       4.7274012659594682e+000, -6.8720740627885508e+000,
       5.6113974438247439e+001, 5.1036155856759391e-001,
       -2.3781081592294457e+000, 9.8622545358488409e+000,
       3.7695515120128263e+001, 2.3433511945991267e-001,
       -2.6738949211291327e+000, 8.3180647672365122e+000,
       3.9003986850129621e+001, 2.3896952646814942e-001,
       1.2684176698654079e+001, -1.1643827872887261e+001,
       4.7253677626045032e+001, 3.8305318270109290e-001,
       -6.5041403076397355e+000, 1.0386906981192043e+001,
       4.1081003297249850e+001, 2.7449883299069661e-001,
       8.3568298804386831e+000, -5.1727530555206975e+000,
       3.9666064638367459e+001, 6.6218469650093181e-001,
       1.4000378491289117e+001, -8.4172799315031330e+000,
       4.3786954544718078e+001, 3.1670304209476385e-001,
       1.0360576992120947e+001, -6.1027345796374117e+000,
       3.2163536141779765e+001, 4.4793599603021411e-001,
       1.7418538221308157e+001, -1.0789986366864635e+001,
       4.7359471871888225e+001, 2.7139567905426076e-001,
       1.7346768716798842e+001, -1.0889260206963716e+001,
       4.9191100963782695e+001, 2.5608420990445707e-001,
       4.7644983922153399e+000, -1.0145481919201796e+001,
       5.9336222735808377e+001, 5.0832320893344263e-001,
       -9.3059215269257400e+000, 1.2887604582683696e+001,
       4.5882001925154540e+001, 2.7356090130843153e-001,
       9.8212439661179367e+000, -5.1247344688546299e+000,
       4.5717763099609336e+001, 5.0199369789816750e-001,
       1.6741746051064339e+001, -9.0271269821176219e+000,
       4.7663104280652043e+001, 2.8152312468577390e-001,
       -5.2846898553773980e-001, 1.0708512945842386e+001,
       3.7119893091305400e+001, 1.7459336323119096e-001,
       6.6858832831921977e-001, -5.6825127700733153e+000,
       5.2444645839778460e+001, 3.7514206976700032e-001,
       -1.1177309404246835e-001, 8.8466324794865816e+000,
       3.6784419154083935e+001, 1.8065326122473979e-001,
       -8.4452606974900535e-001, 9.4760696009200540e-001,
       -7.9628270971553352e+000, 5.4950598840726055e-002,
       6.8112715418167724e+000, -8.0263933865272499e+000,
       6.3496133862891526e+001, 1.7234479693742250e-001,
       1.3403803688558600e+001, -8.1454190093308938e+000,
       5.1439577521675659e+001, 1.4094927476380537e-001,
       -1.3727309571827508e+000, -6.4224679011275387e-001,
       -5.1371658918035621e+000, 9.1517844193861819e-001,
       1.4069060085754892e+001, -9.2742672362869421e+000,
       4.4328301604945551e+001, 3.5462467638780210e-001,
       1.1213298125590163e+000, -9.4635304995216174e+000,
       5.5788306972434171e+001, 5.5187328146320325e-001,
       -5.4223406772569103e+000, 9.2045773975359779e-001,
       4.2598858832209515e+001, 2.8350216847200888e-001,
       -5.9016934007678099e+000, 1.3393177894859215e-001,
       4.2431955939347510e+001, 2.9189631259545301e-001,
       1.5226956614598876e+001, -1.1813508592798673e+001,
       5.1753387735390760e+001, 2.4900631782468388e-001,
       -5.5909389272736449e+000, 1.0302334753054897e+001,
       3.8858253340859790e+001, 2.0373643666558902e-001,
       8.5868819762993720e+000, -1.3580767485465145e+001,
       7.0094906984248922e+001, 5.5211130422284949e-001,
       -1.1868353796896990e+001, -8.4590145036552968e+000,
       -3.4141081001971180e+001, 8.3627276588175581e-001,
       -1.7769189594993577e+001, -3.5271152617745671e-001,
       -4.2319770463080346e+001, 7.8262154021564290e-001,
       1.1779242903279130e+001, -1.2350975927242096e+001,
       4.5795974841144194e+001, 4.1041954713917989e-001,
       1.2009129567808184e+001, -9.0431339294692386e+000,
       4.3771303497137048e+001, 3.6607788364703242e-001,
       -1.5305145909638707e+000, 1.0189227290323391e+001,
       3.6896269321928493e+001, 2.1754593625723279e-001,
       7.7898453786904476e+000, -7.0743488985390552e+000,
       6.2556769166068435e+001, 3.5373599436745823e-001,
       -3.9394575827199612e+000, -3.2207829602955038e+000,
       -1.2115742535698098e+001, 9.1624687171857555e-001,
       -1.5487182789363922e+000, -1.6092228357169809e+000,
       -5.3590445167231104e+000, 9.2118371396390686e-001,
       1.2551210752555797e+001, -6.3389414713093784e+000,
       4.0293449788494314e+001, 3.8924098518797173e-001,
       -7.0419130040570348e+000, -9.7071208169762038e+000,
       4.1409512781484821e+001, 2.9917691797507145e-001,
       -5.3426577975981324e+000, 1.0751933281841387e+001,
       4.0933400723480332e+001, 2.0774582443895734e-001,
       9.6602139395882407e+000, -1.0925705377819646e+001,
       7.4481354271740514e+001, 1.6623455323859454e-001,
       5.1656757971994107e+000, -1.0542260335376298e+001,
       6.9553906708159190e+001, 4.1450461181129239e-001,
       -1.4121180916262890e+001, 7.8671559025596807e+000,
       4.6567308988062692e+001, 3.3206137664860536e-001,
       -2.1451293387239350e+000, 1.0453246230591200e+001,
       3.8331763267399829e+001, 2.3394973058910343e-001,
       -8.6251203929056786e+000, -2.0792866816444695e+000,
       -2.5504663579241033e+001, 8.7911960526051114e-001,
       1.8110700626663380e+001, -1.0928395606262603e+001,
       5.2577680518251100e+001, 2.9440216051525181e-001,
       5.0327523166134132e+000, -1.3014449634241876e+001,
       5.0823436282706680e+001, 6.2392998332857863e-001,
       -1.5635193702183111e+001, -1.1282963670697944e+001,
       4.6610366727734984e+001, 6.9691958366042317e-001,
       1.0042882157261383e+001, -5.4906002659912172e+000,
       5.1093002139642408e+001, 3.9844376969411210e-001,
       1.4676057383862378e+001, -1.0455697427171325e+001,
       3.9605867675331645e+001, 4.0243859745502797e-001,
       -2.9719958373707756e+000, 9.0576362450519454e+000,
       3.7950572716883059e+001, 2.2739571478963652e-001,
       -3.5634705890482774e+000, 5.6254319646507094e+000,
       4.1314781544410792e+001, 1.9547329989852796e-001,
       -7.3107594937948477e+000, 1.2212306572539781e+001,
       4.1893128330785132e+001, 2.2369881721466256e-001,
       9.8356823075935687e+000, -1.1409764137597879e+001,
       5.6456657725242181e+001, 7.0947235906509232e-001,
       1.4768252125671253e+001, -5.2018411163983735e+000,
       4.5957260319077179e+001, 2.5823044836766612e-001,
       1.5431624160575561e+001, -6.1103118225748503e+000,
       5.1695401886142982e+001, 2.6662207055489445e-001,
       1.0093738684955643e+001, -5.9412242738044654e+000,
       5.0597445516489486e+001, 3.9955642101034461e-001,
       -1.1936826882960712e+001, 6.0220281716801427e+000,
       4.9800280081592447e+001, 3.5327713613270767e-001,
       9.2967139843229578e+000, -8.8835588300327686e+000,
       4.2534962473774719e+001, 4.0781493606623265e-001,
       -1.2443324638191772e+001, 9.2324455383605226e+000,
       3.9642134540965344e+001, 2.3591037869310300e-001,
       1.3045865338632311e+001, -1.4367267515742938e+001,
       4.6555890793877367e+001, 4.2458595516613923e-001,
       1.1700298803068478e+001, -7.0889991395063046e+000,
       3.6584487548475195e+001, 3.7749491231324367e-001,
       -4.4762297141860197e+000, 5.1081200743180553e+000,
       3.8833368114239285e+001, 3.0439282774259513e-001,
       1.1021996993374868e+001, -6.7296061585985623e+000,
       4.2166295271678635e+001, 4.8031766613154198e-001,
       1.3681819980429630e+001, -8.5073552720677341e+000,
       4.3900651189376873e+001, 3.5969495948165414e-001,
       1.2249399150734105e+001, -1.3699836792907092e+001,
       4.6683485998700775e+001, 3.8630803731774271e-001,
       -3.3710336942721950e+000, 9.6570269399072863e+000,
       3.9314009258785099e+001, 1.9564982008204831e-001,
       -4.1231285659398438e+000, 4.0047409738410042e+000,
       3.9248628383806889e+001, 3.1033087639883289e-001,
       -2.0304319759037519e+001, -1.1077572938518808e+001,
       -5.7678070586323166e+001, 7.6098215144310766e-001,
       8.4194187884070395e+000, -4.7151730103749108e+000,
       5.4517328609325844e+001, 4.9061847330268010e-001,
       1.0794926171242416e+001, -6.7189476773120429e+000,
       5.5064046112886558e+001, 2.9376732995402882e-001,
       -1.2175546678384524e+001, 6.3903027213616195e+000,
       4.9180086480648448e+001, 3.6635793413607104e-001,
       1.5446425764299024e+001, -1.1284287548849685e+001,
       4.3152290089099431e+001, 3.3761917441868494e-001,
       1.2419137500230452e+001, -6.3684885530291382e+000,
       4.2469241683913268e+001, 3.7711918684431278e-001,
       1.2274073457685102e+001, -1.0262657568052351e+001,
       4.7599583541551908e+001, 2.8071205625028828e-001,
       -9.0851326140259303e+000, -1.3313538337877333e+001,
       4.1658045757814826e+001, 4.5351706848469586e-001,
       -8.3262288073731561e-001, 9.4888184331083592e-001,
       -7.8519690288529773e+000, 2.5479602252199227e-002,
       1.5700593608186015e+001, -1.5412429625567968e+001,
       4.9283354265259049e+001, 4.5161411691462344e-001,
       9.5600761842415005e-002, 1.0593587447914436e+001,
       3.8977014598064343e+001, 1.6706542271528932e-001,
       -7.5711547409673532e+000, 1.0993294216196670e+001,
       4.5701070977458727e+001, 2.7564284320828680e-001,
       -1.2680837253610415e+001, 7.0023290340933517e+000,
       4.3565032929977079e+001, 3.6137263316709700e-001,
       -7.2541211705012412e+000, -8.9031325864894182e+000,
       4.1772908657327754e+001, 5.4608278718544878e-001,
       -2.3971016232996485e+000, -1.1349621958846352e+001,
       3.8563916417922442e+001, 3.2887731441766915e-001,
       -4.0582710407759182e+000, -3.9571950151946083e+000,
       -1.2385208013822760e+001, 9.1499408676191196e-001,
       -1.3400562333888228e+001, 9.6657996645633766e+000,
       4.0462336201417529e+001, 2.7947838170510947e-001,
       -3.4917056542868474e+000, 9.7186289348840695e+000,
       3.8025082456158302e+001, 1.4857141846622240e-001,
       -1.7834675360109394e+001, -3.4077858333579520e+000,
       -4.6589089818356271e+001, 7.2922075111007356e-001,
       -1.1254874552466804e+001, -3.9895596623483165e+000,
       -3.1800133890349404e+001, 8.7078914262837148e-001,
       -7.4312685582689646e+000, 9.8180137355105543e+000,
       4.3607728963975717e+001, 3.5549771975167604e-001,
       3.2197470451058914e+000, -2.9158839995902577e+000,
       2.3776113653698133e+001, 2.1216401603586932e-001,
       -1.5047269583084489e+001, -1.1427173665935296e+001,
       4.5222362016475103e+001, 7.1797692617914954e-001,
       -5.4119270524283074e+000, 5.8518905099819882e+000,
       3.9137789167332429e+001, 4.0768554539089746e-001,
       1.1795327547910329e+001, -8.7401216381498283e+000,
       4.5439707539168339e+001, 2.2088801041485370e-001,
       -4.2932673356675299e-001, 3.1370769411277148e+000,
       -1.9972829356683661e+001, 1.1978660064606132e-001,
       -1.4161234009943517e+001, 6.2639731302265123e+000,
       4.6815413196452099e+001, 3.5877337864244813e-001,
       -3.9925787947362341e+000, 5.0268867410801636e+000,
       3.9930380968585311e+001, 2.1363796029975643e-001,
       1.2954628207869321e+001, -1.0061047583408058e+001,
       4.7681414035716649e+001, 3.5892359615168390e-001,
       4.1011358050748568e+000, -1.1098788622110852e+001,
       5.1551461174633644e+001, 5.8875773720236635e-001,
       1.0002687601466377e+001, 1.1051472708328395e+001,
       3.9066071074692658e+001, 2.4056685900465213e-001,
       1.3784608193907975e+001, -1.1247442739790076e+001,
       4.7500789200901430e+001, 4.3112521433549700e-001,
       5.5442322219897653e+000, -7.7375953461121698e+000,
       5.4793355740262257e+001, 4.5564415104489919e-001,
       8.0322492364712801e+000, -5.3468853152430622e+000,
       3.0675425543664367e+001, 5.9919823393898741e-001,
       -1.6232538914823550e+001, 5.0357255129246070e+000,
       5.2833284879227264e+001, 5.7386899471390074e-001,
       1.3103931642256551e+001, -7.0413469671989226e+000,
       4.7264914432200158e+001, 2.8884483125843730e-001,
       -3.5987415639838494e+000, -6.6083488519654461e+000,
       5.5275814597695984e+001, 5.1424353503755216e-001,
       -3.8879360709463912e-001, 5.8430688337999435e+000,
       3.9305861785835958e+001, 1.5451393766553140e-001,
       -8.6185816343556720e-001, 1.0015140515374772e+000,
       -8.0523152607182542e+000, 5.3516371592783836e-002,
       -1.3698397680619127e+001, 5.6484016940240407e+000,
       4.8016460419763185e+001, 4.7303433479650209e-001,
       -1.9997916436511545e+000, 7.4283058967617679e+000,
       3.9628427193931088e+001, 1.9815819515285335e-001,
       -1.2202628872093108e+001, -1.3892167531680917e+000,
       -3.0827286469068213e+001, 8.2359573405372188e-001,
       -1.5065637976480764e-001, 5.7520269830965471e+000,
       3.8089838105367221e+001, 1.9072770615573142e-001,
       8.7944309459012580e+000, -5.8933490589369288e+000,
       3.3687256365974292e+001, 5.9049462905295458e-001,
       -1.2130533520198425e+001, 8.4147795092642230e+000,
       3.9070403545084716e+001, 2.3028635308873091e-001,
       -6.2978406056047120e-001, -4.9664305447547381e+000,
       3.0488968150473958e+001, 3.6002945402545344e-001,
       5.7144022505138832e+000, -3.0119482226505974e+000,
       2.6703911158510650e+001, 8.6754319327283669e-001,
       1.4963600802712280e+000, -1.3703959307882034e+001,
       8.0139460902937515e+001, 4.8174203820269812e-001,
       9.1929067110072715e+000, -5.7033157805998309e+000,
       4.5562231564379090e+001, 6.0358475567730918e-001,
       -8.7851127748317523e+000, 5.9244119239459305e+000,
       4.8811782557695587e+001, 3.6483858706724431e-001,
       -1.1138366382079559e+001, -9.9566880097626953e+000,
       -3.1752134921971013e+001, 8.8826754691545673e-001,
       -2.8007711018920478e+000, -1.0611109988921648e+001,
       3.7561102189949715e+001, 3.7549547349181595e-001,
       -2.5410862431185213e+000, 5.3926271842805615e+000,
       4.3179798573970245e+001, 1.5187556006373529e-001,
       -3.1936314236685615e+000, 7.3919067725207945e+000,
       3.9437412931203554e+001, 2.6857996665191786e-001,
       1.3758724045176905e+001, -1.0372438749569227e+001,
       4.1852799451265753e+001, 5.6933141820944366e-001,
       -9.3598417713961606e+000, 6.2251877918725773e+000,
       4.9408331337449297e+001, 3.5706680105526017e-001,
       -1.8107160790413769e+001, 6.9881893564122208e+000,
       4.9487721876300967e+001, 4.0854083315171719e-001,
       6.0338641098737416e+000, -1.3252923649150464e+001,
       6.7490353666912370e+001, 5.6010346706926217e-001,
       -1.7009672050644113e+001, -1.3644746892957311e+000,
       -4.0323892471419668e+001, 7.8207122473868795e-001,
       -2.8101533869900088e+001, -2.2393966563650473e+001,
       -7.8276382967014740e+001, 2.0215317525688384e-001,
       -1.7327681959273463e+001, 8.5111231761347153e+000,
       4.9308296844571288e+001, 3.8949258987196722e-001,
       -5.5697363715366999e+000, -8.3388592794341715e-002,
       3.6973357952012108e+001, 5.0832012912429170e-001,
       -8.6838824677593152e-001, -1.0014695717145294e+001,
       3.5405150316975082e+001, 4.6282249687393040e-001,
       9.7074154611112711e+000, -6.5699625345713697e+000,
       3.7390104881868425e+001, 5.4113124834058735e-001,
       1.3476126788821817e+001, -1.0415148918700144e+001,
       4.3125541644706168e+001, 3.9012245413643115e-001,
       -9.7980187248565969e+000, -9.2504700993449234e+000,
       -2.9606369361759498e+001, 8.7614266647161720e-001,
       1.5346395239866158e+001, -1.0892814030298499e+001,
       4.6563701590680189e+001, 3.1676757527498439e-001,
       3.6296248891737446e+000, -1.0584177464070859e+001,
       5.4408288569171873e+001, 5.4034839369631682e-001,
       -5.0581509162657294e+000, 1.0534793225050432e+001,
       3.7472895841321417e+001, 2.0210708948079978e-001,
       -2.4369692369192242e+000, -9.3648716868233493e+000,
       4.1128331775065107e+001, 4.0046866661983238e-001,
       -4.3016720148714658e+000, 8.7390213922686275e+000,
       4.0886355916863792e+001, 2.5160015469920216e-001,
       -1.6087433245574900e+001, 1.4236553054990964e+001,
       5.2615992555877611e+001, 3.4094685031022820e-001,
       5.8561229014916885e+000, -1.2526538786529304e+001,
       6.0032362276547246e+001, 5.1384956077727706e-001,
       -2.2478247249700818e+000, 1.1583840447283110e+001,
       3.7065165231422270e+001, 1.8160963291147098e-001,
       1.2340778517071900e+001, -5.8064076731039531e+000,
       6.4378356648251639e+001, 3.3644389482945408e-001,
       -1.1248800595644285e+001, 8.7948166444430615e+000,
       3.7101440780191567e+001, 2.8628614773721522e-001,
       9.5965314535479003e+000, 1.2924152945231715e+001,
       3.9554319680268165e+001, 2.2286249275959186e-001,
       1.1405266853200150e+001, 1.4177992184610357e+000,
       5.4591223374849861e+001, 3.1151416206411270e-001,
       -1.3316589900543235e+001, 8.7947704968157154e+000,
       4.0528731883412291e+001, 2.6862117318504947e-001,
       -3.6394777941431853e+000, 5.4896647276500090e+000,
       3.9993122744253753e+001, 2.1542915847814956e-001,
       -2.8802020694793544e+000, 7.3370408546017227e+000,
       3.9277459623691215e+001, 2.5951695685845744e-001,
       1.4119145277434317e+001, -5.7808688062492675e-001,
       5.9426589784617804e+001, 2.5388487478502952e-001,
       1.1649689204007448e+001, -1.1620393832062621e+001,
       3.8632595101164291e+001, 5.7728021251825123e-001,
       -4.0765439053944785e+000, 9.5191516668058007e+000,
       3.9306163439653467e+001, 1.9815325424303812e-001,
       2.0659333602859804e+000, 1.0540507598795383e+001,
       4.2810341882648160e+001, 2.4186857932003547e-001,
       -1.8363969878987604e+001, 7.7045702756188152e+000,
       4.8359890798028665e+001, 4.3797168353066451e-001,
       -2.4469821256605222e+000, -7.6942929122611119e+000,
       3.8964698185716557e+001, 3.4418063351843137e-001,
       -1.3064426641202438e+001, -3.4048539822263550e+000,
       -3.2028859046007810e+001, 8.3140884348792621e-001,
       2.3131643244620282e+001, -1.4911635065361466e+001,
       8.2538014821650052e+001, 1.6697210639819487e-001,
       9.0508258438994765e-002, -4.4857613973734392e+000,
       3.1010104793199122e+001, 4.9635731286321932e-001,
       1.0675761579122046e+001, -5.3262490320604297e+000,
       3.4128633709415887e+001, 4.4975927673228250e-001,
       -1.9336909766343386e+001, 3.4010716031147865e+000,
       5.3038846913949982e+001, 3.9231744155882015e-001,
       -3.9231844941515703e-001, 6.1312563304151304e+000,
       3.8612680903139292e+001, 2.5755102746645270e-001,
       6.3652764781867752e+000, 9.9938433157668189e+000,
       5.6043146942406736e+001, 5.4555842747483696e-001,
       7.7170813588671354e+000, -4.1956204955962546e+000,
       3.6959146897356007e+001, 8.2913756029221530e-001,
       -1.2738296040148033e+001, 1.2465314760066963e+001,
       5.0766590702208831e+001, 4.5737301396789820e-001,
       -1.6912541734927299e+001, 1.0041284672264375e-001,
       -3.9518640736986512e+001, 7.6095530567544567e-001,
       -1.2893608303396071e+001, 9.6813899406333768e+000,
       3.8518864070965321e+001, 2.2609698391810651e-001,
       1.7574105348045208e+001, -1.5083876137145857e+001,
       4.9354906000584727e+001, 3.8307726017419436e-001,
       5.8521603830260984e+000, 7.6603573955261535e+000,
       5.4658333822461003e+001, 5.0293490258097040e-001,
       -1.0192683269895911e+001, 9.4011883767663846e+000,
       4.3530327224611803e+001, 2.8464974715212771e-001,
       -1.8411347367388416e+001, -2.1230141634007449e+000,
       -4.3687472393976591e+001, 7.5508954290910535e-001,
       -1.6128071541870192e+001, 6.3924250916033376e+000,
       4.9174798772489083e+001, 4.0469253881204448e-001,
       -9.6569868447058553e+000, 1.2367786584067190e+001,
       4.6321118050046394e+001, 2.9453143888982697e-001,
       -1.5416193601614399e+001, 1.2403851165643218e+001,
       4.6113606704154215e+001, 2.2014099578133342e-001,
       -5.1642426963003651e-001, -1.0616682877226346e+001,
       3.5341168483755816e+001, 5.0481192907425365e-001,
       7.2426669537233925e+000, -5.6522984506765681e+000,
       5.7398280781906763e+001, 3.8278960932315442e-001,
       -6.0518108511824540e+000, -1.1251295163471418e+001,
       3.6394105420369513e+001, 2.8324633748462458e-001,
       3.4791262142000159e+000, 1.2393131880008831e+001,
       4.6688277581596438e+001, 3.1872973649256536e-001,
       1.3282220331696657e+001, -1.4543124255705429e+001,
       4.5864735602793687e+001, 3.0267260454667316e-001,
       -5.3236899989216973e+000, -1.7472021728316511e-001,
       4.2002003939144174e+001, 3.4658757804383450e-001,
       -8.8270775946385811e+000, 7.7447739554422856e+000,
       4.3385949126052594e+001, 2.4569087556419694e-001,
       1.1299612740080887e+001, -1.2464010366878178e+001,
       4.6569722715219427e+001, 4.4082886953937084e-001,
       -1.4579626344940126e+001, 9.4039990115545358e+000,
       4.2737180619381988e+001, 2.7246046005642038e-001,
       -6.6892196221634459e-001, 9.6495090076757180e+000,
       3.8411166460974457e+001, 9.8606409926134495e-002,
       -1.1683207570168046e+001, 7.5391438499682115e+000,
       4.1374348954146100e+001, 3.5899490599722245e-001,
       6.9288311418782937e+000, 6.4311335315479496e+000,
       5.7037349138411223e+001, 4.3804365526251743e-001,
       1.5716626172859560e+000, 9.1942311821680480e+000,
       3.6170416568864141e+001, 2.2446664748909786e-001,
       1.5931938164275899e-001, 1.1094778480828840e+001,
       3.6856631896800444e+001, 1.1372518919708971e-001,
       -3.4972094507019555e+000, 9.3115883257853511e+000,
       4.1290500287442285e+001, 2.4940034306423756e-001,
       -8.3668951144711379e-001, 4.5343449152072424e+000,
       3.8901461699058515e+001, 1.9457163607218228e-001,
       -4.2565371073048119e+000, -7.5936774864490726e+000,
       5.4558736402376631e+001, 5.6190278481590128e-001,
       -4.2590869735785430e+000, -2.5891958788223945e+000,
       -1.1981806397946954e+001, 9.0458835934257942e-001,
       -7.2314647044253704e+000, 7.5489118063229217e+000,
       4.0851283679889576e+001, 3.0083803510295304e-001,
       -2.3084301712622142e+000, 7.8994835189266777e+000,
       3.8821553063945665e+001, 2.7902571853265901e-001,
       -1.4656699903242504e-001, 1.1295095311086818e+001,
       3.5125812020068558e+001, 2.1359362364302104e-001,
       -7.2813272400738285e+000, -6.3080018301653009e+000,
       -2.2459986496044653e+001, 9.1618194251709228e-001,
       -6.8162891525699876e-001, -1.4655469729895227e+001,
       6.5678735490423861e+001, 1.6078197902628488e-001,
       -1.6601841667961644e+001, 8.1478707527038576e+000,
       4.2721837560446062e+001, 3.3091401567124484e-001,
       -4.5100322322433968e+000, -6.6246758829034178e+000,
       5.1374153104705499e+001, 6.2272111632189941e-001,
       -1.3520019488835299e+001, 7.5774357998183950e+000,
       4.8246942713632592e+001, 3.9482535643959510e-001,
       1.7062139056509892e+001, -1.7748489101512902e+001,
       7.6620908588727332e+001, 4.9856376324605450e-001,
       -1.7610308202882713e+001, -3.8630602588357537e+000,
       -4.8077099695948093e+001, 7.3188212547720777e-001,
       -1.2891708626253489e+001, 7.7920095837358598e+000,
       4.8388360537384749e+001, 4.0919101362943239e-001,
       -1.2317806946472842e+001, 7.5041744933305683e+000,
       4.5045668896235284e+001, 3.8029868197371614e-001,
       -3.4104631087004673e+000, 6.8543870855996092e+000,
       3.9230271408105040e+001, 2.3644159889792857e-001,
       -8.1925782733669301e+000, 5.5287151198736666e+000,
       4.8067616637240619e+001, 4.1329979344569390e-001,
       -1.1199636503583296e-001, 6.5795469486982121e+000,
       3.8572235944126874e+001, 2.0315824977761360e-001,
       -4.7620026639908914e+000, 7.7387176757114984e-001,
       4.1630487514765420e+001, 3.2101008435916195e-001,
       -1.4318701187989253e+001, 1.8866378443238840e-001,
       -3.5223451248031196e+001, 8.2431525512910253e-001,
       -4.6612874256015182e+000, 1.0337460632900811e+001,
       3.6560442854460568e+001, 1.4180262715362674e-001,
       6.6019612940472783e+000, -1.6831265465476676e+001,
       5.3983635648988674e+001, 6.0211797638007725e-001,
       -4.9379275109820533e+000, -1.0041442103408333e+001,
       3.3960977696933838e+001, 1.3722178754816744e-001,
       5.7359762289769893e+000, -1.6015534438262485e+001,
       5.0245567729065215e+001, 5.5313931949676820e-001,
       -1.0058271410684851e+001, 6.1198133531332619e+000,
       4.7470428936791400e+001, 3.1952232364923178e-001,
       7.9103485486267893e+000, -3.6450164293421903e+000,
       5.3080782699428759e+001, 4.0724007030533071e-001,
       -3.5418203472523553e+000, -8.5258151413557570e+000,
       4.8998755859259376e+001, 4.9202017819338800e-001,
       1.0959029286585666e+001, 2.7966681052704795e-001,
       4.6016983614399720e+001, 4.4914792468493758e-001,
       -1.1511490180495798e+001, 8.8806750511678203e+000,
       3.8984848661617704e+001, 2.0913964370429017e-001,
       1.1902185112241441e+000, -9.6090818103997613e+000,
       5.6685198566039169e+001, 6.3930684274524618e-001,
       -1.6849766283898813e+001, 7.7765200318955507e+000,
       4.9634797518481960e+001, 3.7077586895678488e-001,
       1.2186970358557090e+001, -1.3247514676172724e+001,
       4.3081627902833873e+001, 6.0952098655882048e-001,
       -3.4072319432176554e+000, 7.8619074899210917e+000,
       3.9758029057819343e+001, 2.2236010552206056e-001,
       1.5561822211042866e+001, -7.1153215476584979e+000,
       5.7707293751211395e+001, 1.3893480343960765e-001,
       5.1692077657464353e-001, -6.7148741407189814e+000,
       3.4004545203770157e+001, 4.6673660545750284e-001,
       -1.7047664607457104e+001, -1.2320107334842740e+001,
       4.9007600975527765e+001, 6.6106213547514159e-001,
       -4.0673370865158036e+000, 3.7142961841777566e+000,
       4.6446412993083044e+001, 3.6406288500459449e-001,
       -2.1778502565360016e+000, -7.9059038581771937e+000,
       4.3660765562252841e+001, 3.2942277297430084e-001,
       -7.1681773669852689e+000, -8.4167765319249774e+000,
       3.5983106227244434e+001, 6.1658165541018539e-001,
       -4.1546649129943134e+000, -2.0366761466499996e+000,
       -1.3158709367217718e+001, 9.1215502316858021e-001,
       -1.1964324402022132e+001, -2.0702715651613621e+000,
       -3.3490320854846601e+001, 8.3530587644512488e-001,
       1.3849852487458270e-001, -1.2496404424073813e+001,
       7.0259878846366405e+001, 4.7417295722457264e-001,
       1.2447445560907488e+001, -8.6119034767435885e+000,
       4.8452187354698509e+001, 3.8853727104837188e-001,
       -9.8014026138056707e+000, -5.8125373732695964e+000,
       -2.4228908008047714e+001, 8.6154715225917100e-001,
       -4.5584724786518969e+000, -4.3683676775064360e+000,
       -1.3798404756240988e+001, 9.2234195908460526e-001,
       -1.8924115434810753e+000, 1.1047784298544588e+001,
       3.7443442291438231e+001, 2.0977734977577944e-001,
       9.5550442499346673e+000, 6.4456649769079910e-001,
       4.8127580251797404e+001, 4.6349690275876099e-001,
       -1.2365255077363820e+001, 6.1516809202918079e+000,
       4.1678620596787695e+001, 3.3580580699775620e-001,
       -5.3566289661486923e+000, -1.1804153806518261e+001,
       4.6038003689188045e+001, 3.5040952421524330e-001,
       -4.3339893419237638e+000, 9.7186892864398260e+000,
       4.1919417489392856e+001, 2.3635587954233866e-001,
       -3.1922751300751773e-001, -5.2732908595860177e+000,
       3.3324930767992058e+001, 4.3938781244777442e-001,
       -1.0781815001297417e+001, 8.8666404777337782e+000,
       3.7721455990912020e+001, 2.4883460348116077e-001,
       -1.4814350595510778e+001, 7.3811827157330629e+000,
       4.5029180800613254e+001, 3.4986070555367382e-001,
       5.3696594711063925e+000, -8.3023732726757569e+000,
       5.5432608575800593e+001, 5.7776215378833573e-001,
       1.0629291332910888e+001, -5.3933351796454136e+000,
       4.5580564242535885e+001, 4.0010330070445799e-001,
       -3.0969895498928608e+000, 8.2778650476872251e+000,
       3.9122980844937970e+001, 2.5410544942987884e-001,
       7.4483461213621656e+000, -1.1490801564360696e+001,
       5.3237726116885760e+001, 6.1413859452485997e-001,
       -8.7781802467967758e+000, -1.2535683145995257e+001,
       4.3483821414546163e+001, 3.1719306191112623e-001,
       1.5078401422896125e+001, -5.4485416587576392e+000,
       5.3961874571608277e+001, 3.4869391396568683e-001,
       1.5411924054318263e+001, -1.1982744445399964e+001,
       4.2688795115415729e+001, 2.9177022055297042e-001,
       -1.5189651116365487e+001, 8.5634805761566213e+000,
       4.5724934128723099e+001, 4.0679240159931568e-001,
       2.2883335536286378e+001, 5.3070575669260052e+000,
       5.9443018713868007e+001, 5.3256745519611237e-001,
       8.3944182193393662e+000, -5.6980827716500926e+000,
       5.0578409686513943e+001, 5.2226829524978136e-001,
       1.0285529366571158e+001, -9.4629778517453360e+000,
       4.0916857081419906e+001, 3.9272319112191739e-001,
       2.9530249610612271e+000, 1.1398769968101924e+001,
       4.5830901163535955e+001, 3.7358548697827881e-001,
       -9.7939386584913759e+000, 7.6548112632803065e+000,
       3.7965930228216870e+001, 2.2975257299890756e-001,
       -9.5747696425876008e+000, 1.1748267637415161e+001,
       4.6309136020044797e+001, 3.0125510732920363e-001,
       -2.5252548588145309e+000, 9.4730313759468814e+000,
       4.0699073875701671e+001, 2.2424545056124065e-001,
       -4.1799759162747607e+000, -2.9614602788017996e+000,
       -1.3107683659110593e+001, 9.1211743642258503e-001,
       -6.5708786055321360e+000, 1.0258199823617340e+000,
       4.4811072375550076e+001, 3.8819379215414762e-001,
       -6.3580225892236637e+000, -3.5913341041447855e+000,
       4.1746311588977484e+001, 3.6537556050836739e-001,
       1.5543047231592757e+001, -1.2826636876255517e+001,
       4.4398429907494048e+001, 3.1360673960380164e-001,
       1.1995341130585960e+001, -1.2759270303350503e+001,
       4.8983346260393581e+001, 3.5026547734851027e-001,
       7.1008332466066015e+000, 4.1431076603105028e+000,
       1.8131118665314371e+001, 9.1512205687909554e-001,
       1.9470068674127706e+001, -1.3810023255471272e+001,
       5.5778520094153606e+001, 1.9718550638122409e-001,
       -3.6688000059471255e+000, -1.1359194948737997e+001,
       3.9549438092414647e+001, 4.0158046629689592e-001,
       1.2832813121985275e+001, -1.4328552268546119e+001,
       5.3222236868518095e+001, 2.8094648833787772e-001,
       1.2878501508988069e+000, -1.7905529818479337e+001,
       7.1257283898208073e+001, 7.0056807429530177e-001,
       1.5226093425453346e+001, -1.0277694847072574e+001,
       4.4250420519943418e+001, 3.2899487346978878e-001,
       1.4476560463731428e+001, -1.2236970475316856e+001,
       4.2682044918549693e+001, 4.1879602135784966e-001,
       9.6127023912409832e+000, -4.8048935392138450e+000,
       3.4688974259529076e+001, 6.5755551300543580e-001,
       -7.5400454485321133e-001, -4.7921754746851235e+000,
       3.7234386903413508e+001, 1.8531146522460409e-001,
       -1.4957292621221811e+001, -1.3158910195256890e+001,
       -4.1959182934455256e+001, 7.9314851063421588e-001,
       4.4378810826358048e+000, 1.2354734310948759e+001,
       4.3970714206814606e+001, 2.9426111949487582e-001,
       -1.4790010073639138e+001, -2.4789473597219507e+000,
       -3.6392542725448237e+001, 8.0134236702412964e-001,
       -2.0932654556807513e+001, -1.1899830005223597e+000,
       -5.0412539654974566e+001, 7.3602452489326509e-001,
       4.0954005713060324e+000, 1.0439436082202378e+000,
       1.0050569292595185e+001, 9.1581933043883912e-001,
       -1.0597503481508150e+001, 8.3586959026673568e+000,
       3.6186357359888135e+001, 2.8157393683996623e-001,
       -5.4082487731190465e+000, 2.1554836221595495e+000,
       3.7230536729758811e+001, 3.9000734755266020e-001,
       -1.0845832869295595e+000, -8.0410914266574363e-001,
       -4.6400946504857661e+000, 9.2627845106721152e-001,
       9.6347723868005897e+000, -1.1782861546057260e+001,
       5.7464500494191910e+001, 6.7214867936759848e-001,
       5.6153664145413851e-001, -1.3853055806804420e+000,
       5.6024291411064070e+001, 7.1553853380441212e-001,
       2.8335392288329704e+000, 2.0089246808444217e+000,
       1.1068480767721002e+001, 9.2782941589721807e-002,
       -8.9987036941934235e+000, 1.3730261123670942e+001,
       4.6627876175284172e+001, 4.8673432763143604e-001,
       1.8322641831232612e+001, -9.1656392923343422e+000,
       4.4912003240115794e+001, 6.4636531742532533e-001,
       -8.4394144634686197e-001, -3.8769396502028917e+000,
       4.7074181915114686e+001, 1.3056327621351815e-001,
       -1.3555852185312092e+000, -7.9308343469634153e+000,
       3.8287619582203732e+001, 5.0363966425047657e-001,
       -4.4321826109806022e+000, -1.2636882554927627e+001,
       4.1940084453665747e+001, 4.0464689378601343e-001,
       1.4192572810011212e+001, -8.7665544270061311e+000,
       6.7829109843836306e+001, 4.6197973291927424e-001,
       -1.4842628210961226e+000, 6.1594717136545025e+000,
       4.6452895237841503e+001, 3.0825429623616069e-001,
       -1.0085346171058565e+000, 3.7852816329568153e+000,
       3.1939440210943300e+001, 4.4959314991515786e-001,
       5.9910486733744257e+000, -1.1398295675354671e+001,
       5.4663601125357289e+001, 6.3562449400205290e-001,
       -2.1515294855718121e+000, -9.3087002120854940e+000,
       3.3925228659068033e+001, 3.9674967691123258e-001,
       -1.0443158092704291e+001, 8.4718197055450020e+000,
       3.9276027467249129e+001, 2.3388864804079043e-001,
       -1.7454736431187310e+001, -1.1810364641984103e+001,
       5.1832985180255172e+001, 5.7492656808062781e-001,
       -1.5958935026702232e+001, -1.2470873898641152e+001,
       4.7105941638547399e+001, 6.4327430589047863e-001,
       -1.8005592178368133e+001, -4.7165979571996246e+000,
       4.9945935680492418e+001, 5.4990893987932332e-001,
       -1.9681600134107335e+001, 6.7236545206449847e+000,
       5.0803705931283517e+001, 4.1862917028843283e-001,
       -1.5577066119015157e+001, 8.5446940234570121e+000,
       4.6564916689810929e+001, 4.3174184383895409e-001,
       3.0708249183983565e+000, -9.1482829817792251e+000,
       3.7551081221852272e+001, 8.1210962302983014e-001,
       -1.6009439395721081e+001, -3.3447968605172811e+000,
       -4.1890178127164234e+001, 7.0865143214377524e-001,
       4.8606101435659266e-001, -3.5637881231778010e+000,
       5.3809800051530601e+001, 5.6273703083103344e-001,
       -1.2292189671877757e+001, 9.7531349332295356e+000,
       3.9462379757852830e+001, 2.0432062898004733e-001,
       1.6460146526436922e+001, -1.3440885382047579e+001,
       4.2491131097949079e+001, 3.1832815888800303e-001,
       1.3192769854792733e+001, -1.1462517714632224e+001,
       5.0287794356815368e+001, 2.8210835150736246e-001,
       -4.6603013672459355e+000, 2.7562709467140785e+000,
       4.2178156962618793e+001, 2.9428187739093320e-001,
       -1.2308454643845185e+001, -1.0059332227260729e+001,
       4.3945024975369144e+001, 5.2981546755651565e-001,
       -1.3930783158451920e+001, -1.0875059943269385e+001,
       4.8050768921831036e+001, 5.7944122565393608e-001,
       -2.7497618572847271e+000, 9.4927693326781579e+000,
       3.7668412358954505e+001, 2.4927070330347487e-001,
       9.3689680661564463e+000, 1.6672483065955315e+000,
       4.2298830340801928e+001, 3.4257133351973945e-001,
       -1.2435066879364220e+001, -2.9386386696114108e+000,
       4.8062234174854019e+001, 4.1433528177227819e-001,
       -4.1497722865362391e-001, -3.5622426531653764e+000,
       2.8836198213048910e+001, 5.7492233544515270e-001,
       1.1206281932323911e+001, 4.3896316398783428e+000,
       5.3591431007044648e+001, 1.4449673341954711e-001,
       -5.4111336745930334e+000, -6.2963393937462628e+000,
       5.5719269565738671e+001, 6.4197968934693317e-001,
       -5.6274086648268096e+000, -3.1457941385881039e-002,
       4.2451851777277255e+001, 3.6475849292315077e-001,
       -3.9498892246608502e-001, -8.9777014186842603e+000,
       3.0022622443847531e+001, 5.4411617128474399e-001,
       1.1937178555631483e+001, 3.0183703823205166e+000,
       3.4566465307860142e+001, 8.4740185639183818e-001,
       -4.3097743599036842e-001, 5.4296371832769683e+000,
       3.8313544664816639e+001, 6.7636628795412754e-002,
       4.7886393231495861e+000, 7.6550704911501466e+000,
       5.3023976651444293e+001, 6.0350804414698556e-001,
       -1.2287218018563054e+001, 8.2849195621042906e+000,
       3.9321997797277646e+001, 1.8673998996173258e-001,
       -3.7192840138416861e+000, -3.2736098600762342e+000,
       5.3678631302182211e+001, 6.0755787363051694e-001,
       -2.0686954308129963e+000, -8.6255972343273590e-001,
       -7.5524199742039535e+000, 9.2087864913024453e-001,
       -6.1205605249254882e+000, 8.3774989856004538e+000,
       4.0037666717073790e+001, 2.2294154249301035e-001,
       2.0593059107076279e+001, -9.9681256865309393e+000,
       4.9961190766405323e+001, 4.4152037502401148e-001,
       2.8913565876420630e+000, 1.3315833602927423e+001,
       4.7718370774870486e+001, 2.1675656185776487e-001,
       -6.5594786752396024e+000, 5.7266433776608530e+000,
       4.7826634630218720e+001, 8.7877389070064094e-002,
       -1.5948680510649421e+001, 3.4075197228294414e+000,
       6.1940536550015707e+001, 5.5025512609721894e-001,
       5.5170931230784714e-001, 7.1883379475787468e+000,
       4.1572641569929019e+001, 1.2163960899427026e-001,
       -6.8510445413149323e+000, 1.0635915409384879e+001,
       4.6835148658791994e+001, 3.5049494416284199e-001,
       -1.7075581845394311e+001, 1.9686549679952066e+001,
       6.3196635101815332e+001, 6.5681038619571275e-001,
       -6.5884031998088108e+000, 1.4007284937830210e+001,
       4.7185273427973158e+001, 1.9766919808944999e-001,
       -5.7698455070106727e+000, -8.2418576762944604e-002,
       4.3188234462864472e+001, 2.4239709875230470e-001,
       3.3365186628201480e+000, -1.7637997302488312e+001,
       1.0185530739667169e+002, 2.8845562375539008e-001,
       -6.1435471391203311e+000, -1.4889791129904024e+000,
       4.1250204757470001e+001, 3.6565235602897034e-001,
       -1.5069559821305763e+001, 6.5321748630095211e+000,
       4.0362808008567946e+001, 3.3072376255400743e-001,
       -4.9662250020555287e+000, 2.8730310751214896e+000,
       4.2579994831497771e+001, 2.0751861463831539e-001,
       6.6564780961828713e+000, -1.1659907895170143e+001,
       5.1791042757485187e+001, 7.1072077646968568e-001,
       5.8646391681347314e+000, -8.4478655743053537e+000,
       5.4814637373408729e+001, 5.2883582937380558e-001,
       1.2554431984170957e+001, -1.4642577898011870e+000,
       4.3617092346865327e+001, 3.0071643943728504e-001,
       6.2342519979969229e+000, -1.3371246702431904e+001,
       5.4010232450644381e+001, 6.4505408617672877e-001,
       4.9802901042797441e+000, -1.6973697303266995e+001,
       5.6929520016292500e+001, 6.0675772826265939e-001,
       5.0776359836687215e+000, -1.2658335404059887e+001,
       5.9008627457605300e+001, 5.3867897914777985e-001,
       -6.3343976269056981e+000, -1.0121273424725434e+001,
       4.9068370167538006e+001, 4.7457056372796591e-001,
       -7.0904211320171484e+000, -7.6971733806886000e+000,
       4.2864930285635751e+001, 3.2252330434041820e-001,
       -1.8727459867913687e+001, -4.0771531299577175e+000,
       -5.1304413491840222e+001, 8.1765489888342324e-001,
       -6.1114527015754820e+000, -3.1473916725873581e+000,
       4.3175062309776649e+001, 3.3650312856380310e-001,
       1.0638836361005241e+001, -1.1572171599956828e+001,
       5.7837032292646356e+001, 7.2585956590475120e-001,
       -1.8809592938357614e+001, 4.6163861904011654e+000,
       5.4677925550474363e+001, 6.1928884486322444e-001,
       7.9189078124207644e+000, -2.9911691252274695e+000,
       4.4631906796717075e+001, 4.0995004868757634e-001,
       -1.5068014717206996e+001, 6.0214530842178284e+000,
       4.9377987245162657e+001, 3.2147543145766072e-001,
       -1.1672803497543551e+000, -1.9947840818681710e+000,
       3.9005366702926572e+001, 2.9424300810790055e-001,
       -1.9807637212795676e+001, 6.6370341338564609e+000,
       5.3984110751498619e+001, 6.0422771770810824e-001,
       4.8487258866240737e+000, -1.6652020454290060e+001,
       5.5054788729698359e+001, 5.7671896703016523e-001,
       -1.2322841955043442e+001, 6.9485965346470815e+000,
       5.2888446466336447e+001, 3.7679853413647757e-001,
       1.7622078808128755e+001, 5.3625981511077505e+000,
       6.1742088981479284e+001, 2.7447196437956789e-001,
       -1.9713005157414180e+001, 6.8681806820240947e+000,
       4.9808750838736941e+001, 5.2094756212171367e-001,
       -4.4731453935595589e+000, 2.6597886082944351e+000,
       4.9655357315075605e+001, 4.6019046710490275e-001,
       -1.1444024154349510e+001, 8.5252739505291810e+000,
       4.4985070517632394e+001, 3.1826665724533804e-001,
       -1.1285687347280984e+001, -7.5363567940132477e+000,
       -2.7225316739626784e+001, 8.4957602029154755e-001,
       -1.3090221360064191e+001, -6.0236400226351492e+000,
       5.5288169173143594e+001, 6.1507175385541224e-001,
       7.5014452787163943e+000, -1.0698320582959424e+001,
       7.5031435073548352e+001, 3.5530885336365070e-001,
       -2.3200578109448751e+000, -1.5257469410427293e+000,
       -6.8483909669507970e+000, 9.0478820068269916e-001,
       -1.2366020862485994e+000, -6.3986414541353804e+000,
       3.7465369733006838e+001, 1.8511182408158963e-001,
       -1.3816525840010707e+001, 9.8671791573654204e+000,
       4.2790200473132714e+001, 1.8682596531973045e-001,
       -8.7275037546305860e+000, 6.5647381588243956e+000,
       4.0932439547908146e+001, 1.9871626196814043e-001,
       3.5383123258289828e+000, 9.3787612424054618e+000,
       5.4752445605129239e+001, 5.8184518524136342e-001,
       -4.7851933677576639e+000, -1.2544995883287912e+001,
       4.9155782922264649e+001, 5.1459015314182632e-001,
       -4.6562047912230540e+000, -5.3392288215160599e+000,
       3.5088696876706010e+001, 7.0590999858286663e-001,
       -6.6285805395412130e+000, -6.0642936787221569e+000,
       4.0767725500041323e+001, 3.7976031869715388e-001,
       6.7378267449157576e+000, -4.2541996939997713e+000,
       1.9144438859703047e+001, 6.1349160072371699e-002,
       -1.5414670929056484e+001, -8.7150883496059937e+000,
       -3.6414402122273515e+001, 8.1412022028041808e-001,
       1.8434900547201387e+000, 1.1625752857382210e+001,
       4.2911566370366714e+001, 2.8873351441566686e-001,
       -5.1287037166158012e+000, -5.9298513612071935e-001,
       -1.5840660879749358e+001, 9.0752863647133775e-001,
       1.3520080247443417e+001, -1.5201088173508261e+001,
       5.6218404516831910e+001, 1.5147487164523252e-001,
       -6.2068470654262606e+000, 8.4782096845356421e+000,
       4.0566174334817823e+001, 2.0380355485920904e-001,
       -1.3365193716245617e+001, 8.6837725144452733e+000,
       4.5459198474503879e+001, 2.9436359636856707e-001,
       3.9413793784548488e+001, -2.8755508670845442e+000,
       1.1514624943238212e+002, 7.7507409282738060e-001,
       1.7169910249558257e+001, -1.0935569222757465e+001,
       5.0022862430795520e+001, 2.6488775159724814e-001,
       2.4933274413526734e+000, -1.0761747284408063e+001,
       3.9329506402571099e+001, 8.2468616290374597e-001,
       8.2324729982382792e+000, -9.8399632778759560e+000,
       3.5774900966056123e+001, 6.5577729427351428e-001,
       -5.8463124527516204e+000, 1.5252295278301194e+001,
       -7.0450352020944308e+001, 2.3138480196621886e-001,
       -1.8754120672438006e+001, -4.2901667381520463e+000,
       5.2791450662915793e+001, 5.9093580074223029e-001,
       -6.5912819187863336e+000, -5.5866310585689103e+000,
       -1.9924207802731374e+001, 9.0302099244440270e-001,
       1.1502372131763213e+001, 2.9824433394303025e+000,
       4.2858985023788861e+001, 2.7214851464590911e-001,
       8.5334558049794591e+000, -8.6254673761184293e+000,
       3.7477423227554787e+001, 1.5344543362826438e-001,
       -4.2850645161759701e+001, -2.4422163664644398e+001,
       -1.0309316910537066e+002, 6.8195082250656014e-001,
       8.0329775237976442e+000, -2.1518036819002968e+000,
       4.8792240007703910e+001, 4.2304469324831867e-001,
       -2.8093040247798404e+000, 5.9781935080556252e+000,
       3.8424626923770674e+001, 2.5139304621637354e-001,
       -8.7569423149924290e+000, 8.2277356480317874e+000,
       5.1842829031085067e+001, 5.5911059057474854e-001,
       3.2616743885344137e+000, 2.7252852744866409e+000,
       1.1081518195664295e+001, 1.1479638853835809e-001,
       -1.7559137323570212e+001, 9.2056902715588240e+000,
       5.3476428743058165e+001, 4.2324207174633843e-001,
       6.4368268476764952e+000, 7.1775752045937207e+000,
       5.6994120515353060e+001, 4.6609414250631764e-001,
       1.3992182632318446e+001, -1.7660743536650834e+001,
       8.5275896181221640e+001, 3.3501143721444537e-001,
       -1.4344219484299350e+001, -7.2752338070962415e+000,
       3.9148928900370578e+001, 3.9324192650739381e-001,
       -1.3735171498576078e+001, 9.0572691520585717e+000,
       4.0643637410825079e+001, 2.8959456741627115e-001,
       1.8136989789242278e+001, 1.2922815535699915e+001,
       5.0735401804061638e+001, 8.5517023165688300e-001,
       -1.3685434527981265e+001, -3.9892501844505643e+000,
       5.1235254176927455e+001, 4.2507826795906273e-001,
       -1.4077155176172267e+001, -9.8905086361917913e+000,
       4.5600509858358080e+001, 5.8716091120190750e-001,
       -2.1527142326344446e+000, -1.0029267862221259e+001,
       4.2389702790476818e+001, 1.7284414948264376e-001,
       1.0431063512281973e+001, 7.3958382842921093e+000,
       4.0133606160655532e+001, 3.1882618734811780e-001,
       -1.1569618877076703e+001, -8.0948775421240331e+000,
       4.4796548581129748e+001, 5.8658261385580557e-001,
       -1.1220748532030587e+001, -4.4078418632979712e+000,
       5.1535024301805279e+001, 3.6998582417092851e-001,
       6.4830672681490311e+000, 8.6387492306894060e+000,
       4.9560793157168106e+001, 5.6651220298038563e-001,
       -1.4590140407107043e+001, 7.4481417037782958e+000,
       4.6825515113556534e+001, 3.6964376237754443e-001,
       -1.1460814116370738e+001, 2.0051358291605883e+000,
       5.2925810295097051e+001, 6.4374130839358223e-001,
       -4.4365103002965034e+000, -4.8416407186491721e+000,
       -1.6555889605871450e+001, 9.2770279199511951e-001,
       -1.6756259278578394e+001, 1.6529979778346004e+001,
       5.9535583858025774e+001, 5.7632049476487468e-001,
       -4.4902328825084119e+000, 2.1825736285689081e+000,
       3.8953184722761776e+001, 2.1799155687321378e-001,
       -4.4007828188437037e-001, -1.6872395313429593e+000,
       3.4443161862948486e+001, 9.9950238638209954e-002,
       -1.4656515215147730e+001, 5.6734638139404403e-001,
       -3.4138658685609386e+001, 8.1794163997563107e-001,
       -1.5837547622114465e+000, -9.2228511949121277e+000,
       4.1062599195557198e+001, 4.0799873974358086e-001,
       -1.2469757887570522e+001, 3.7148625233183070e+000,
       5.4037228589373605e+001, 4.5735774802484880e-001,
       9.0132562789087061e+000, 7.4866334316100787e+000,
       6.6608413223001435e+001, 3.9829608120293164e-001,
       1.7550516315565254e+001, -3.1335563071786412e+000,
       5.1733002742004388e+001, 5.8267400116850343e-001,
       -1.5457022912991189e+001, -8.2344188271258751e+000,
       5.0552904579405052e+001, 5.0043897399107828e-001,
       -2.1900931562679093e+000, 6.6378164183122266e+000,
       4.5111324363386245e+001, 5.0409165289577118e-001,
       -9.8809060718240289e+000, 6.9138666607395916e+000,
       4.6951313911923471e+001, 3.3843426117417780e-001,
       -5.6264765138215491e+000, 8.5862891266593913e+000,
       4.0146878938726495e+001, 2.4711877017468803e-001,
       -6.1736493455230095e+000, -3.4828737838229236e+000,
       4.0580408646548051e+001, 3.7572840643980915e-001,
       6.5309770315487352e+000, 7.9566406246689070e+000,
       4.9142884290174209e+001, 5.8478245055786937e-001,
       -8.2083409446019289e+000, -1.3043501165387404e+001,
       5.1383444025605911e+001, 4.3823543367190765e-001,
       -1.1538908978033412e+001, -2.5830793711205677e+000,
       4.7880624016222953e+001, 4.4871062423709385e-001,
       -1.5428207345081903e+001, 8.2892787111120843e+000,
       4.1256400184638295e+001, 3.6133379684545719e-001,
       -1.8012837020976349e+001, -2.0467971550169799e+000,
       -4.3852472586950398e+001, 7.8496441152110186e-001,
       -1.9222193944682853e+000, 9.3297244360044722e+000,
       3.9061457492714467e+001, 2.5097003419523739e-001,
       7.5620933065411746e+000, -1.1335814153967743e+001,
       4.8019794391380863e+001, 7.7613019020582485e-001,
       -7.9562446689608040e+000, -1.0947104793260738e+000,
       3.2383701315533472e+001, 7.7510998748049209e-001,
       -1.2955315407545761e+001, -1.0736927536450686e+001,
       3.6507547763185485e+001, 7.1856489169345428e-001,
       -8.0447559627505747e+000, -6.3663075445277091e+000,
       -2.1825058718462557e+001, 8.9195601200455199e-001,
       -1.5427283559943858e+001, 2.4091647996984724e+000,
       4.1350941736028062e+001, 5.7666844011128626e-001,
       -3.1444918356404119e+000, 4.1667314945893077e+000,
       3.6020500876415809e+001, 4.6578801878218745e-001,
       3.8715906346988449e+000, -1.5562716011095363e+000,
       2.9365304036320509e+001, 8.6988260128153960e-001,
       6.5653276273297285e+000, 2.1548396308658654e-001,
       4.1317735751106412e+001, 6.7244403862780844e-001,
       -1.4921825097511451e+001, 3.3440665789182944e-001,
       6.0654559363274487e+001, 5.0978286216010016e-001,
       -5.1540278183548760e-001, 9.0034073919510949e+000,
       3.6253369141654218e+001, 1.5364048080017859e-001,
       -6.4472424231627787e+000, 2.5577621829520578e+000,
       4.4439364407245243e+001, 4.4827263553982910e-001,
       -1.6773828990200627e+001, 6.4040429096506584e+000,
       4.6946800398046051e+001, 5.3132227570295754e-001,
       -7.1016927149251217e+000, 1.0662429770293620e+001,
       4.5534901556356672e+001, 3.2969014324965124e-001,
       -4.6444378613995418e+000, -1.2747468938303371e+001,
       4.4803846287304559e+001, 5.2807717942658028e-001,
       -1.0382860356424420e+001, 7.4873745980798097e+000,
       4.3771072614376557e+001, 2.9311651464479022e-001,
       -1.1325713739038154e+001, 2.6488844143065644e+000,
       5.6547121591868773e+001, 5.2581083525592121e-001,
       1.0248742610059306e+001, -2.1121735338257301e+000,
       4.5792455299016204e+001, 3.8207874738924541e-001,
       -3.3325620694738984e+000, -2.1135693082905975e+000,
       -9.7360204346622297e+000, 9.0907498048221880e-001,
       1.4573156506557087e+001, -1.3212872488539256e+001,
       4.6815654578175241e+001, 3.8392504952162421e-001,
       -3.8814374607612647e+000, -1.1546756288717635e+001,
       3.8982164466292851e+001, 2.6641623685072380e-001,
       1.3614055011906089e+001, -9.1395972832369345e+000,
       3.9488647904702503e+001, 3.7475168476049531e-001,
       -2.7336392866591153e+000, -6.2882747699670798e+000,
       3.9913439756004337e+001, 5.1476203030945566e-001,
       -6.1050565164956581e+000, -5.9275038388619645e+000,
       5.4286858024049778e+001, 5.5499264416952299e-001,
       9.6004244047680594e+000, 1.2671741333640625e+001,
       4.0574797784527682e+001, 2.8063553586599332e-001,
       -5.8872884766056526e+000, 6.5646538733464477e-001,
       3.5749382548711750e+001, 5.1447424431812550e-001,
       1.0201299148215529e+001, 7.0841333900307486e+000,
       3.4540053683797353e+001, 5.1110326243918558e-001,
       -2.2438520075976040e+001, -1.9097912025656033e-001,
       5.9374362347878488e+001, 6.4006260122817027e-001,
       -1.0517113417695930e+001, 7.7299395167869154e+000,
       3.5674556610818932e+001, 2.4098804061907228e-001,
       -5.9706712049639474e+000, -1.9956015317296114e+000,
       4.1698753145491622e+001, 3.3384803531769980e-001,
       -1.3043820700145581e+001, 4.9382259752580154e-001,
       -3.1754310505201964e+001, 8.0389526198500905e-001,
       1.2374133088016176e+001, -1.0029996109590236e+001,
       4.2500175121676200e+001, 4.8648402670834762e-001,
       9.0533080735740619e+000, 2.2605106910925277e-001,
       4.8473831624499240e+001, 3.0036380283655822e-001,
       -4.5897857682276264e+000, -5.6132012072899613e+000,
       3.2851676390164627e+001, 5.1979318908515471e-001,
       -8.2051188302405897e+000, 1.1388037644519660e+001,
       4.5793630796197576e+001, 2.4997296166818678e-001,
       -1.2288307407647455e+001, 6.6820206345498887e+000,
       4.7233693169891012e+001, 3.9693088869781012e-001,
       -1.3961808796614076e+001, -4.9586746269061761e+000,
       5.5545010049794620e+001, 6.1527061335424282e-001,
       -3.2207482179898843e+000, -1.0251657225623756e+001,
       3.7636894233567858e+001, 2.2874260600537175e-001,
       4.5014539182479840e+000, -1.8005781190360345e+001,
       6.2919608867635034e+001, 4.7062590419339823e-001,
       -5.8014994999675089e+000, 1.7657272424542945e+000,
       4.2310086678610830e+001, 2.6630740423182719e-001,
       9.5302451850078924e+000, -4.1290211956214682e+000,
       4.6589676216393940e+001, 3.1092759804520298e-001,
       -5.7522059554516041e+000, 8.4716234573310665e+000,
       4.1548903577939960e+001, 3.0140000194778072e-001,
       -5.0749115774526175e+000, 1.7979845175312539e+000,
       3.9305997788043385e+001, 3.2094473623108821e-001,
       -6.4256294234659315e+000, -4.4236132062266904e+000,
       -1.7434981707164436e+001, 8.9373462117843927e-001,
       -2.0700667293827692e+001, -2.8487238266321140e+000,
       5.5577438025531990e+001, 5.9821877273035207e-001,
       -5.3002226309021854e+000, 1.1520281665748282e+001,
       3.8480039380554601e+001, 3.9557911722480893e-001,
       -1.6392093096317531e+001, 5.9957820139667604e+000,
       4.7972659525602026e+001, 5.0608418787371667e-001,
       -3.0451113365114284e+000, -1.1194692355631530e+000,
       4.3953715300850561e+001, 4.5500975508314662e-001,
       -4.1480981905448235e+000, 4.9593195521791884e+000,
       3.5452406227559841e+001, 4.9816580266574367e-001,
       -3.1621791456898507e+001, 1.0839136784424372e+001,
       1.0359100454645706e+002, 5.5061862825202490e-001,
       -2.0501501568075117e+001, 3.3910198010373591e+000,
       6.7782556008456950e+001, 6.0387334550763017e-001,
       -4.2641319288533042e-001, 7.9158215833242540e+000,
       3.1682393631906088e+001, 2.3745855278769298e-001,
       -1.7297146484875668e+001, 6.2661355849067935e+000,
       5.7078750344897955e+001, 5.8183161665736316e-001,
       -1.4565493912726247e+001, 5.9962867045198676e-001,
       -3.5433610908233135e+001, 8.3321251587408107e-001,
       -1.1941771365681287e+001, -2.4864042454555886e+000,
       4.4128906349845252e+001, 4.2618269150922650e-001,
       -7.4979761877054898e+000, 1.1445393551430193e+001,
       4.1648072129867721e+001, 2.6229007893360068e-001,
       7.2435050646246113e+000, -2.6930450479957817e+000,
       4.4016561970176070e+001, 4.7027000201120861e-001,
       4.7630025500456625e+000, 8.3463297536012249e+000,
       4.3855581568824348e+001, 7.8674139175314939e-001,
       -1.0304629723230015e+001, 6.8242834733156075e+000,
       4.4216488214441171e+001, 3.1028819667561169e-001,
       -9.8200206198532385e+000, 5.8058595236984907e+000,
       4.2204975440357948e+001, 2.8465719461817729e-001,
       -4.3728563963296443e+000, 1.0565977297107423e+001,
       4.0060708811328944e+001, 2.7533796386391213e-001,
       4.3451182334273630e+000, -1.6452594456700304e+001,
       5.2264032945144564e+001, 6.5991551142355698e-001,
       -5.1929476852093090e+000, 4.8777350697712034e+000,
       1.8112214095119384e+001, 2.3688430001729563e-001,
       8.3201365759321551e+000, 5.6730420746224839e+000,
       4.3020781617719607e+001, 2.6280778413048672e-001,
       8.2228723651023117e+000, 1.1969261154055850e+001,
       3.7116255942213733e+001, 3.2770484378446740e-001,
       -6.7322905759103087e+000, 8.8799234816482979e+000,
       4.4437713924722885e+001, 2.3478677566312162e-001,
       4.5967346095900545e+000, 9.2996678646671640e+000,
       5.5787781463289392e+001, 5.7120438825504416e-001,
       -1.3263329715837653e+001, 6.8228224869204155e+000,
       4.6887853852037438e+001, 4.1737740453926531e-001,
       -4.5404935551079948e+000, -1.1085626123369011e+001,
       4.6674239106357945e+001, 5.5201579540534707e-001,
       -1.4420875453648550e+000, -5.0070135172386223e+000,
       3.4673817077402035e+001, 3.6056119231879719e-001,
       -8.6675361544935008e+000, -1.2190003154557630e+001,
       4.1813560771893563e+001, 4.0380848977356126e-001,
       8.1508413834887214e+000, 8.6052284059612614e+000,
       4.2395053874722599e+001, 8.6087824397710094e-002,
       8.6094050121089296e+000, 1.1867141080660819e+001,
       3.6844021197381245e+001, 3.1151641813296704e-001,
       1.2402652018827082e+001, -2.1799915836012786e+000,
       4.7129232692014952e+001, 2.4311302505958457e-001,
       -4.2307074162150793e-001, 3.8958078775408524e+000,
       3.6773809291654672e+001, 2.2917038419795513e-001,
       -1.5185997399699847e+001, 9.0609099959844119e+000,
       5.2803559523217011e+001, 3.5035507932912219e-001,
       -1.5912071088487544e+001, -1.5792606296204529e+001,
       5.1098711729390118e+001, 5.2502002468389375e-001,
       7.4694879904431222e+000, -4.0145736146264877e-001,
       4.8378225785799003e+001, 5.9828280673890943e-001,
       -1.2363993116037020e+000, -3.4554655104387122e-001,
       -3.9738736759702329e+000, 8.8621836065386583e-001,
       1.7948310895658452e+001, -1.7756430021785178e+001,
       5.6561618095383778e+001, 3.3131628934233825e-001,
       8.7937573663293804e+000, -4.1837784385029568e+000,
       4.0161807241953973e+001, 6.0116972851201200e-001,
       -1.7387219250961834e+001, -5.1427604234123212e+000,
       5.1295840920280000e+001, 6.5561298733375895e-001,
       -1.0071858885488073e+001, 3.6359639224478486e+000,
       4.8303728056381232e+001, 3.9513697075183873e-001,
       -1.2761890164790377e+000, 9.2153247375957221e+000,
       4.0220262934210183e+001, 1.0922721378659039e-001,
       -2.9602437641941952e+000, -1.6851981469779378e+000,
       -8.8681482178120845e+000, 9.0744804840837889e-001,
       -1.8498177645452614e+001, 4.8647383132584281e+000,
       5.1990944064918210e+001, 6.4543722886591859e-001,
       4.9273256673839159e+000, 1.3697870324179870e+001,
       4.4652128859566872e+001, 2.6738326251318162e-001,
       -1.2269041520843054e+001, -8.7303487037043297e+000,
       -3.0761922135374483e+001, 8.4554136800708823e-001,
       2.7465754905660553e+000, -1.2616007184967678e+001,
       4.6092210025318195e+001, 6.7316684387285697e-001,
       -1.4088344311368248e+001, -1.2638540987318576e+001,
       4.6612854289138241e+001, 5.8548205846747747e-001,
       6.5261286994296874e+000, 3.5501985529859965e+000,
       4.2010137649598846e+001, 3.8043559729610726e-001,
       -1.8176673061285602e+001, -1.0721628850498279e+000,
       5.9724709005009146e+001, 3.2627444684075319e-001,
       -3.9503429902415588e-001, -3.1829443263539599e+000,
       2.4508598209847868e+001, 6.0712061877860386e-002,
       -6.7850155868154740e+000, -3.9823575028198093e+000,
       3.9271777297584919e+001, 5.4151084689900775e-001,
       -6.4131676779241316e+000, 1.0852549047764811e+001,
       3.7009838453958068e+001, 3.4903588865694801e-001,
       3.7746054411635499e+000, 1.0870675539104642e+001,
       4.2076247354404316e+001, 2.1044248596157356e-001,
       -4.7472372213699012e+000, 1.1919050061661371e+001,
       3.8730410399860276e+001, 1.0489252966576676e-001,
       4.6749996281839952e+000, -9.2678117697976603e+000,
       3.1127416568744572e+001, 9.0789612918390128e-001,
       5.5684187344967730e+000, 8.9547164383374671e+000,
       5.4955908693860927e+001, 5.7037521538900193e-001,
       -8.5262803087377321e+000, 9.0909425589809452e+000,
       4.0537847961897256e+001, 3.9366720742455469e-001,
       -1.0034125075609730e+001, 3.3666008601535440e+000,
       3.2917970697546977e+001, 2.5641376523648751e-001,
       -1.4875041121405904e+001, -1.1921803085624440e+001,
       4.0412731665824289e+001, 4.8492977694241335e-001,
       -8.8547045396633024e+000, -2.0154331691927299e+000,
       4.9377809354203670e+001, 4.4513406724993715e-001,
       -1.6362777101062235e+001, 1.0578036190404250e+000,
       -3.8818317099395514e+001, 8.2866209231913013e-001,
       7.2251023252237925e+000, -3.7811269421680938e-001,
       4.6652760398348079e+001, 6.2068731217012163e-001,
       1.1453925458078363e+001, 5.3773161589012579e+000,
       3.3514958946043066e+001, 5.1124231173546886e-001,
       -1.1810727376471564e+000, -4.2300170569555782e+000,
       2.9661917962658613e+001, 4.5193899156434025e-001,
       9.5800469850021521e+000, -1.2481522517606814e+001,
       4.8816941485129561e+001, 7.0239548844492727e-001,
       -1.0619980132100828e+001, -2.4178165025975690e-001,
       5.9296117620136336e+001, 4.8637284101061057e-001,
       -3.3171547589198713e+000, 5.1914190223785415e+000,
       4.8061806777196651e+001, 2.0063873586914802e-001,
       1.0919685974827299e+001, -2.4893229741466282e+001,
       7.8171244396218199e+001, 5.8182187025909127e-001,
       1.6145524993452486e+001, -1.6381717605733552e+001,
       7.0945054933875667e+001, 1.8403395135656198e-001,
       -1.8244045505170092e+001, 1.7098363077438187e+001,
       6.4204196555965709e+001, 7.2662235747364412e-001,
       -7.1462905125105651e+000, -1.4165484649472004e+001,
       5.8681517052219263e+001, 5.1538313624451271e-001,
       1.2387252983457104e+000, 1.1169661071556693e+001,
       4.1721447309614348e+001, 2.5647398700764051e-001,
       5.2626373661228447e+000, -1.4688952522966769e+001,
       5.5967936989303567e+001, 5.1656685007263736e-001,
       -3.9100140956381293e+000, 5.7485064260623808e+000,
       3.7915180614684161e+001, 4.1971535426243878e-001,
       -1.0346907368225992e+001, 1.0888805539033232e+001,
       5.8885426429564291e+001, 5.2769869792758028e-001,
       -1.8446307029485332e+001, -3.4942677102399688e+000,
       4.9060226420579127e+001, 5.9326929122542904e-001,
       -6.0872547834034343e+000, 8.6422202967572304e+000,
       3.9051311977977193e+001, 2.4525058227665311e-001,
       1.2144618925556973e+001, -1.4224155324685348e+001,
       4.6593416208003340e+001, 4.6222369168691874e-001,
       2.1968742425798853e+000, 4.2069918882328121e+000,
       4.4268487157488266e+001, 1.5480911439244655e-001,
       4.0659111272060127e+000, 9.0909465417400863e+000,
       4.6536825429645646e+001, 7.1960252738351971e-001,
       3.7971779450638388e+000, -1.5366734241047382e+001,
       5.0747437328715392e+001, 5.1550454158300874e-001,
       5.4577689459936156e+000, -1.8114925277487330e+001,
       7.3557030570342704e+001, 4.7946323015478759e-001,
       -1.6695532493769335e+001, 1.5543481653548967e+000,
       6.2008274299255987e+001, 6.0167677499501904e-001,
       -4.2909025444880626e+000, 2.9435659578535747e+000,
       4.0147281612021501e+001, 3.3576744342888121e-001,
       2.5122506480943767e+000, -8.5911751151709268e+000,
       3.0262216383403697e+001, 8.8131057892822373e-001,
       -1.6116767292282169e+001, -9.6986346414039453e+000,
       4.1632224474184667e+001, 5.0015248475340535e-001,
       -3.0534469817840235e+000, 1.1263229977833412e+001,
       3.7640178791575224e+001, 2.6936499361528399e-001,
       5.4946810611688885e+000, -2.7702878709047241e+000,
       4.8210060031699072e+001, 6.0577917419368144e-001,
       3.8502095437532571e+000, 1.1000889829697091e+001,
       3.7127994855077674e+001, 2.5535961925146827e-001,
       1.0612911051208942e+000, -3.3559850058062644e+000,
       5.7295844925617217e+001, 3.4609873839031940e-001,
       -1.7946321009663606e+001, -4.6758504393601035e+000,
       4.7693173838953619e+001, 6.6834519995716979e-001,
       3.8736206830933377e+000, 1.0127046392955517e+001,
       4.9962623914013193e+001, 6.5000057039050141e-001,
       -1.7911370644281714e+001, -3.7153171341069866e+000,
       4.8464581291379204e+001, 6.2666979615812801e-001,
       3.7509898451258854e+000, 9.7442581004033144e+000,
       5.6922921880968993e+001, 7.0423985757649288e-001,
       -4.6737968719698237e+000, -7.9587263423598764e-001,
       -1.5118992727224857e+001, 9.0674595700864580e-001,
       -5.4149510430582843e+000, -8.3036524524476398e+000,
       4.8203636078343905e+001, 4.4639655530796596e-001,
       -5.5428640154730289e+000, 4.3765889534310265e+000,
       7.6900343894543340e+001, 3.9986024247156121e-001,
       -2.9727986821771800e+001, -5.6628687960147115e+000,
       -9.8323234031248063e+001, 8.8335079594754107e-001,
       3.5497694992338458e+000, 4.9671256402214459e+000,
       3.8642462650681708e+001, 7.9700798275445828e-001,
       3.7912716728699265e+000, -3.9602460976842635e-001,
       -2.2336368729813547e+001, 2.2741083604653953e-001,
       -1.5535925223168830e+001, -6.9971540980569458e+000,
       5.2470599391732762e+001, 6.0138821016436428e-001,
       -1.8330511927870315e+001, -1.1028290356227277e+001,
       5.4892027043587234e+001, 6.5124591819092525e-001,
       -1.7508794183377951e+000, 3.8291063162448835e+000,
       4.2773571669889179e+001, 1.3200426926053407e-001,
       -1.0783018995757324e+001, -2.6457304237141459e+000,
       4.4660784751723781e+001, 5.1962344451653675e-001,
       -1.1409425107944843e+001, 7.2596939100274396e+000,
       5.6903600977405048e+001, 3.9815228976189160e-001,
       3.4234482200403638e-001, -3.5805376078333895e-003,
       5.0037944973822803e+001, 5.2468605563224069e-001,
       -6.7605098788943021e+000, 1.0455884469909517e+001,
       4.2899286370934412e+001, 2.6642153720219236e-001,
       -1.8216975244034845e+001, -3.4574240577828306e+000,
       5.4963376141140586e+001, 6.0270227892531569e-001,
       -3.4801643170716112e-001, 2.8476487547759152e-002,
       5.3980121697541037e+000, 1.6503404938959122e-002,
       5.0162300286588568e-001, 1.2819804801015546e+000,
       -5.0017546963064206e+000, 3.1726300431296643e-002,
       7.2487977955010043e+000, 5.0636272028312987e+000,
       4.8553437850053569e+001, 3.0330234875651474e-001,
       8.6360893540978125e+000, 4.2396342890926171e+000,
       4.4979565575005296e+001, 3.5948114982373969e-001,
       9.3330632711353747e+000, -8.3276419304065774e-001,
       4.6597197940455359e+001, 3.9532348793196148e-001,
       -5.1121318183379527e+000, -1.1377841765507927e+001,
       4.0601569628992138e+001, 2.9123069338699936e-001,
       1.0965767978153353e+001, -3.9361770070248396e+000,
       3.8051819094367410e+001, 4.4334378461862545e-001,
       9.9878269008103939e+002, 6.7684720900073626e+002,
       2.4001826073410239e+003, 7.7274459683582741e-001,
       -1.9734962259332249e+001, -2.6270764024126061e+000,
       6.5842702173188997e+001, 4.3602717221655041e-001,
       -6.7600963624846031e+000, 6.1191236681895624e+000,
       3.6514943824454747e+001, 1.7964285907177002e-001,
       1.0344990086620008e+001, -3.5546598555362450e+000,
       4.9931345957834907e+001, 4.5054722402072478e-001,
       -5.5071536967509029e+000, 1.4191776602173073e+001,
       4.7149665333601121e+001, 2.8342133284999516e-001,
       5.7880135964527426e+000, 1.1558435158505976e+001,
       4.2009058664129867e+001, 2.6640055736121782e-001,
       -1.1996014200244250e+001, -6.1392642449410335e+000,
       5.5836384081079167e+001, 5.2200019525213648e-001,
       5.3378905006834829e+000, 2.5014117532464697e+000,
       1.1928840671058337e+001, 8.9319592328151776e-001,
       -5.8194000382621223e+000, -1.1040784740673155e+000,
       -1.4557264077227661e+001, 8.6276948487276361e-001,
       8.9872531107809834e+000, 6.6136508685507582e+000,
       4.3964261035645670e+001, 2.5884848120804560e-001,
       1.1492662022207368e+001, -1.0426001301306831e+001,
       5.5830155162776187e+001, 6.3306884159576537e-001,
       -7.0723919413884397e+000, 1.0754892789028357e+001,
       4.1907145193393021e+001, 2.3382990778767729e-001,
       -8.2528225292276225e-001, 1.0295645061581542e+000,
       8.2080147908118448e+000, 3.4389445357792973e-002,
       4.8830547664825357e+000, 4.4374452570050504e+000,
       6.8311681943894087e+001, 7.8831422094718906e-001,
       7.7375975402741048e-001, -4.8792952836901445e-002,
       3.1841315500434151e+000, 9.8500520203716302e-001,
       -5.4913001289400070e+000, -1.0616012139806031e+001,
       5.5957021730297754e+001, 5.1759003426342520e-001,
       -2.3359030855473193e+001, -4.9288127151557459e+000,
       6.2232813889969684e+001, 7.0822760621559633e-001,
       -7.5855326434988370e+000, 8.0412130402033277e+000,
       4.0413622818599421e+001, 2.4681334720848128e-001,
       7.1289946286327321e-001, 3.5718531694194211e-001,
       -1.3903882469507691e+000, 9.9924740411514357e-001,
       -8.1308025103085146e+000, -1.2172308399329065e+001,
       4.4800260384008737e+001, 1.2350660555711369e-001,
       1.1498893102703430e+001, -3.7449041939924408e+000,
       5.1410660548059440e+001, 3.0474762725071153e-001,
       1.3225684229215474e+001, 4.2166391225818861e-001,
       3.8238408792126165e+001, 7.9167640630161928e-001,
       -3.1990733373705833e+000, -3.8771230781035859e+000,
       -1.2537270362091437e+001, 9.4092410486910338e-001,
       8.5955260216723381e+000, -1.8090690158872061e+001,
       6.7619963662309289e+001, 5.4941754938460874e-001,
       4.5285964605899967e+000, 7.7749011770342502e+000,
       3.9238526399082275e+001, 6.0501905349083784e-001,
       1.0469221038158407e+000, -4.3112892606707565e+000,
       1.5002378026494952e+001, 5.9438652861142915e-002,
       -1.6289096024201200e+001, -8.7950948383194945e+000,
       4.6980130524400131e+001, 5.0907536047324720e-001,
       -1.4842573777099584e+001, -4.2038442433152312e+000,
       5.3229352862201495e+001, 3.1396692087182665e-001,
       -2.1998991980841911e+001, 3.7287058405307842e+000,
       5.8552461635468092e+001, 5.3527564687500873e-001,
       -3.4762131425855709e+000, -8.0003542220872900e-002,
       -9.7798609186463690e+000, 6.6205733533730660e-002,
       -6.9193427438711694e+000, 8.9694787252733406e+000,
       3.9082330572678970e+001, 3.8152813161838206e-001,
       -6.4187009360373750e+000, -2.0864685353270982e+000,
       3.9328861308073868e+001, 4.3899968734564832e-001,
       1.0193763699073012e+001, 1.1427417559682905e+001,
       3.8221173798846223e+001, 2.4306480827503533e-002,
       1.4943694998787139e+001, 9.6716002216444252e+000,
       5.0180551545528502e+001, 3.9023900180997440e-001,
       -1.8981465891315985e+001, 1.2551526756224478e+001,
       5.4081521648137986e+001, 2.6778723774753749e-001,
       1.0921492596771170e+001, 1.0532438735063199e+001,
       4.3902832000560650e+001, 1.7940827630075479e-001,
       2.9239722276107818e+000, 1.0206554440948814e+001,
       4.5331211114167033e+001, 4.7234119511875344e-001,
       6.8265549441313071e+000, -1.0436152160096448e+001,
       3.6199852175337654e+001, 7.9450292571091308e-001,
       -1.3524046924412360e+001, -1.1612327626526326e+001,
       4.0214063985142289e+001, 7.5002625890606245e-001,
       -9.1966243182819554e+000, -8.9122310955580915e+000,
       -3.0656049673794158e+001, 8.9013940672697933e-001,
       -1.7453416623660989e-001, 3.4355967188354191e+000,
       1.1928698619675481e+001, 4.3262469903592109e-002,
       -2.4059776954499825e+000, -9.1643763804449607e-001,
       4.5430711342073010e+001, 3.1676615751793186e-001,
       -9.8125590419937083e+000, -5.9481750021119852e+000,
       4.8818686708207487e+001, 5.8101348853081136e-001,
       -9.8811362203229987e+000, 1.0688072815049750e+001,
       4.5923816573849393e+001, 3.0792478141359314e-001,
       5.7181761370579220e+000, 6.0085378188482252e+000,
       8.0539581084145141e+001, 2.7598053254489902e-001,
       6.9554484091848456e+000, 7.3246210654841093e+000,
       5.2434200691396313e+001, 6.5584167890775280e-001,
       -6.3952303098255836e-001, 1.3143230343130514e+000,
       4.7113201442480888e+000, 4.4130013051136580e-003,
       -5.1751975997546493e+000, -7.6143526272233251e+000,
       3.4419845467353383e+001, 6.2799143353875309e-001,
       2.0306361341177803e+000, 1.4365963644437169e+001,
       4.5414222340523580e+001, 3.0692313332986293e-001,
       -1.7423789245534482e-001, -1.1155645441130924e+000,
       -3.8923084149939164e+000, 5.0925344815602527e-002,
       -2.1624823978072072e+001, -2.7529916473965795e+001,
       1.0077422594770098e+002, 3.2915423646370684e-001,
       -7.2884553218204049e+000, 1.1097214292193584e+001,
       3.7654098400491677e+001, 3.8494123970364819e-001,
       -2.1545543650422179e+001, -2.2987418688909687e+000,
       -6.4153467367231897e+001, 7.7252894577191034e-001,
       -1.2797293383447490e+001, 1.8016150068374128e+000,
       3.9643928239728076e+001, 2.9286211323728095e-001,
       6.0481145205318612e+000, -1.7883446714936673e+000,
       2.0996633929113180e+001, 2.3202820756560050e-001,
       9.2797030447877127e+000, -1.0226721846521368e+001,
       3.3181368429659862e+001, 3.0873279338489601e-001,
       -1.6480200898326544e+001, -1.1315045486942733e+001,
       4.6556616779978185e+001, 6.7626087461632434e-001,
       -1.0629385741408079e+001, -3.7491206449866485e+000,
       4.7905182320886368e+001, 3.7365021360710665e-001,
       -1.0524706715423118e+001, 5.7335512661369616e+000,
       5.0377171988950330e+001, 3.6107785092887801e-001,
       -3.3439171376731158e+000, -5.6600641070719138e-001,
       1.1527279770135561e+001, 1.0944177278085877e-001,
       -8.2318146965268948e+000, -8.2832019350819781e+000,
       3.6474201178089146e+001, 5.9116387197188069e-001,
       -4.7784562336364287e+000, -5.6465236375812129e+000,
       5.9198767017063041e+001, 6.6304549592320972e-001,
       1.0387272132318957e+001, 7.8892278994226803e+000,
       -2.6503692701779805e+001, 2.7272849202026989e-001,
       -1.4291293180109577e+001, -4.1181063365283563e+000,
       3.9285215435671127e+001, 5.2112347366214851e-001,
       -1.8322478157475405e+001, 5.3510148324664986e+000,
       4.9702240007117936e+001, 5.4355715533271010e-001,
       -1.3754615476109713e+000, -2.0966860135823678e-001,
       6.1249180858665788e+000, 6.4063635744479264e-002,
       1.0628051103670413e+000, 6.2170114704848789e+000,
       2.1703794046702804e+001, 8.0167430238991602e-002,
       -1.7439666898538078e+001, -1.7881658869012615e+000,
       4.6211049119752495e+001, 2.7225675049008075e-001,
       5.1009355197437078e-001, -1.7479389351006159e+001,
       5.4882120936107370e+001, 8.3524292408159218e-001,
       5.6603455090926866e+000, 1.2471057999372006e+001,
       5.0680255853406308e+001, 7.9116384584600163e-001,
       -9.6499738257434475e-001, 1.0071075653433610e+000,
       3.8649199493117678e+001, 2.8497127346325046e-001,
       -1.7964213774837184e+001, -4.5643239054302462e+000,
       -4.2242971026519925e+001, 7.7934032472928305e-001,
       6.1254756610186656e-001, -7.4788859215347463e+000,
       4.3230816104515867e+001, 9.7959310485949580e-002,
       -6.9029283688050336e-001, -7.6518922309846027e-001,
       -2.8269257476992333e+000, 9.0771496474267566e-001,
       -1.8468109662475626e+001, 4.9042213786256177e+000,
       7.0717201556107199e+001, 2.2353488668654101e-001,
       8.8548213406618217e+000, 1.1433194236752652e+001,
       4.2197248041656920e+001, 1.0469183500447191e-001,
       -7.7423750132196467e+000, -1.3912645633856882e+000,
       2.4412249193722495e+001, 9.2594785502240973e-001,
       -1.2967241270733443e-001, 8.1009565132477181e+000,
       4.7483742581291885e+001, 2.5830054304358263e-001 ]
