%YAML:1.0
current_middle_points: !!opencv-matrix
   rows: 418
   cols: 4
   dt: d
   data: [ 2.8200047985590935e+000, -1.2260896775411229e-002,
       1.3438525350628979e+001, 1.7642612751964826e-001,
       -1.8223675924377392e+000, -1.5640285982851498e+000,
       1.1767012668797999e+001, 5.2943848736704956e-002,
       -3.2911450798504434e+000, 4.1903805780707981e-001,
       1.1033275733827232e+001, 1.3581231375094729e-001,
       -7.7372959812429920e-002, 2.6205126301630446e+000,
       8.6328087875175399e+000, 2.4658334605281262e-001,
       -2.3397913476870382e+000, -1.6587003286907853e+000,
       1.2127246023090088e+001, 4.4263143495092062e-002,
       -3.5637086187140996e+000, -3.1345884826382553e-001,
       1.1604690094621750e+001, 1.0463183205838308e-001,
       2.7119212332058753e+000, 9.2796934579918733e-001,
       1.3041909709705092e+001, 1.6631218147123947e-001,
       -1.9058253758589774e+000, -1.8367849992671348e+000,
       1.2093487880522169e+001, 3.1812836560151714e-002,
       -4.8176773216379520e-001, -2.5462884989482282e+000,
       1.3375422748695378e+001, 3.5631445981674850e-002,
       1.4215133280686958e+000, 2.9472118375790474e-002,
       1.2885512152849117e+001, 1.3622208253185403e-001,
       1.5294743202193781e+000, 1.5531269012876139e+000,
       1.2580630205657670e+001, 1.9649230201161422e-001,
       -3.4070379565931863e+000, 2.9986158656404061e-001,
       1.0993425348779905e+001, 1.1282793605246526e-001,
       -3.8204523724821984e+000, 1.7221934573415252e+000,
       9.3081887095318301e+000, 1.9199864537639705e-001,
       -3.2639145600191721e+000, 2.7157879955630393e-001,
       1.0430367853872973e+001, 1.4680205266323804e-001,
       1.6790539104932707e+000, 1.3153589553473533e+000,
       1.2766460994664769e+001, 1.9776221806385186e-001,
       1.9068873086718527e+000, 1.0713452790439584e+000,
       1.2879210104131413e+001, 1.6883493251639686e-001,
       7.0130402761554578e-001, -2.5301004930956479e+000,
       1.3832158183703898e+001, 5.1947076216927748e-002,
       2.6153480800504374e+000, -6.4124128804268454e-001,
       1.3694166871758888e+001, 1.2097072840530093e-001,
       1.8934974223958485e+000, 2.6845033545151376e-001,
       1.3066834901155531e+001, 1.4804009494216544e-001,
       -3.3842806970684585e+000, -2.6302116385087693e-001,
       1.0971230995978459e+001, 9.6008479594406324e-002,
       -3.6104912195501457e+000, 2.1552647987805189e+000,
       9.3244158871783647e+000, 2.2194246849783680e-001,
       2.1064631334524520e+000, -7.1887352381023617e-002,
       1.3366254530387316e+001, 1.1811904711388493e-001,
       -3.6295877113222192e+000, 1.7511618080063249e+000,
       9.3377667900014103e+000, 2.0160748954443208e-001,
       -9.3404406703770448e-001, -2.0575650129063350e+000,
       1.3154546424036702e+001, 3.9890651408856677e-002,
       2.6339054028504023e+000, -2.3808900929439333e-001,
       1.3611129621910584e+001, 1.6738901966354286e-001,
       -3.3254563396894983e+000, 1.3901439351262028e+000,
       1.1162481992675897e+001, 1.5797624478029251e-001,
       1.6498323217890749e+000, 1.4417480579029422e+000,
       1.2700372534517502e+001, 2.0732320106131991e-001,
       -3.6314508508268224e+000, -2.1530824652589403e-001,
       8.5553920132092180e+000, 6.9704995948442636e-002,
       -1.6520056968045840e+000, -2.0476382006485512e+000,
       1.1764017497094347e+001, 2.5345071790449328e-002,
       -3.2362675432713761e+000, 1.5750976789140441e+000,
       1.0840164050227225e+001, 1.5173060736786850e-001,
       -3.4142793767862534e+000, 2.8777942604288087e-001,
       1.0911384343742817e+001, 1.4621507923025537e-001,
       1.6140407258751859e+000, 1.3975057538555737e+000,
       1.2466715550118025e+001, 2.3938325017764553e-001,
       -2.5500435041745639e+000, -1.8569035953346145e+000,
       1.1924009051946154e+001, 2.1863212495874463e-002,
       -2.5110390510301546e+000, -1.7941477624417923e+000,
       1.2337633790255225e+001, 2.1250103988289422e-002,
       -6.5272183313458954e-001, -2.0808175152364221e+000,
       1.3254709762434027e+001, 4.7104629974174361e-002,
       -3.2869689585997692e+000, -4.1925355085472743e-001,
       1.1104331661844199e+001, 1.8125283904298492e-001,
       -3.6628533386525550e+000, -2.0365516550988039e-001,
       8.6302138669331505e+000, 4.3318822535903974e-002,
       -3.1820649686638767e+000, 1.8762010803236775e+000,
       1.0735882542072813e+001, 2.3912601408448456e-001,
       1.2197730840539487e+000, -5.3676021215658354e-001,
       1.2916157519487307e+001, 1.0916053074363276e-001,
       -2.5664783635083248e+000, -1.5834256481498108e+000,
       1.1655491516924737e+001, 3.6149423780309865e-002,
       1.1685498538235497e+000, -6.6713323209705355e-001,
       1.2878974389292123e+001, 1.0042581140405407e-001,
       -1.9354706593305662e+000, -1.6924613171433189e+000,
       1.1229775701350128e+001, 1.4103929043701713e-003,
       -3.6356380351696007e+000, 2.1227486328030318e+000,
       9.3230338483062738e+000, 2.3257746245347258e-001,
       3.5685995540325272e-001, -2.0442923111114322e+000,
       1.3174188482176703e+001, 6.0813853027861603e-002,
       -3.7171515315435801e+000, -7.9643021167893202e-001,
       1.1046891191234817e+001, 4.3006245967543391e-002,
       -1.5709278530535749e+000, -1.3984729580483504e+000,
       1.1783470115284340e+001, 2.5598233585109570e-002,
       -3.3111584569578181e+000, -1.5979668495721708e-001,
       1.1464865311467108e+001, 1.0916245452583834e-001,
       2.5111051810018332e+000, 4.6076883006236297e-001,
       1.2924556172089247e+001, 1.4503047151629803e-001,
       1.9848993240190600e+000, -3.6914982813230734e-001,
       1.3264283889784128e+001, 1.3147122186902019e-001,
       2.3502627453138834e+000, 1.8794229497110425e-002,
       1.3418115744902600e+001, 1.3576729673505145e-001,
       -3.5633474079401539e+000, 2.4357573770456344e+000,
       9.1787480252642109e+000, 2.1108852559128688e-001,
       1.7530189895035708e+000, 1.5506506161003679e+000,
       1.2480359056879458e+001, 2.1038115748770006e-001,
       -2.4718854792658842e+000, -1.2099325981043378e+000,
       1.1096842785531710e+001, 5.1122146766612760e-002,
       1.4727254180518456e+000, 1.4192863928731181e+000,
       1.2768823072736435e+001, 1.7582678225976986e-001,
       2.3173573466047213e+000, -1.0252811134277264e+000,
       1.3595718864217522e+001, 9.9157583025203402e-002,
       1.5987629537118417e+000, 5.3579443860014586e-001,
       1.2819848552887461e+001, 1.5134678836825863e-001,
       -1.7238824713396863e+000, -1.4952420442260053e+000,
       1.1033139726327779e+001, 6.0676462118121444e-002,
       2.3185521182218407e+000, 8.4034542206366386e-002,
       1.3301486410515551e+001, 1.4112051093604983e-001,
       -3.7913758607331050e-001, -2.3573352938210079e+000,
       1.3180284874963913e+001, 3.5896032434994486e-002,
       -1.5586849879306139e+000, -1.5829619960908254e+000,
       1.1556196766346641e+001, 3.6976924843693006e-002,
       1.8230791944019185e+000, 4.8043617899910557e-001,
       1.2945584312823645e+001, 1.5751115238633706e-001,
       1.3321362937187615e+000, 2.6083369815160451e-001,
       1.2818737537617896e+001, 1.3668462768153980e-001,
       -3.6672470950226854e+000, 2.1570832126178732e+000,
       9.4127949375663782e+000, 2.0741473245313935e-001,
       -6.9660114806638762e-001, -2.3189167115166942e+000,
       1.3025673468362168e+001, 2.8834294844188143e-002,
       -1.2574039217234891e+000, -1.7283577899508695e+000,
       1.2564090314197301e+001, 6.1768230085057572e-002,
       -5.2956600612024651e-001, -2.3653619523694474e+000,
       1.2866554192867195e+001, 4.2548172782322355e-002,
       -2.7506165696402336e+000, -1.4230037780880065e+000,
       1.0880937928104021e+001, 4.0396616031942834e-002,
       1.8895175130176476e+000, -2.7833444213248326e-001,
       1.3215670223376129e+001, 1.2994052790400623e-001,
       -3.6774322757484983e+000, 1.9723223387520190e+000,
       9.3576044796961142e+000, 2.1076165790336260e-001,
       -1.5980777270135094e+000, -1.8328984743682577e+000,
       1.2451457128158392e+001, 4.7830691911773575e-002,
       -3.6815007974454721e+000, 2.1794155985736374e+000,
       9.4553610506826811e+000, 1.8380076349089489e-001,
       -3.5101986163851802e+000, 1.7992802965522716e+000,
       9.4479666189639193e+000, 1.7315943917434701e-001,
       -1.3567859054175886e+000, -6.1921631079437101e-001,
       1.1759110145151553e+001, 7.9102641453227998e-002,
       2.6190765636592177e+000, 2.4338244979961973e-001,
       1.3395552057354433e+001, 1.5822660910740330e-001,
       -3.1999348468924511e+000, -2.6203593633801925e-002,
       1.1273530636619409e+001, 1.2657508348068180e-001,
       1.9223075318134593e+000, -2.3304754344062086e+000,
       -7.7209844087646688e+000, 8.1317143450498186e-001,
       -9.1812854966439428e-001, 1.9862319022977470e+000,
       1.1066074656173056e+001, 2.0766749106511059e-001,
       8.1472416442852702e-001, 2.6288924500725646e+000,
       8.7594581508930869e+000, 2.5150135313570759e-001,
       1.9959332668057903e+000, -7.0583500936998456e-001,
       1.3469358096516594e+001, 1.1496770721545628e-001,
       -3.4741078311725604e-001, 2.1317496120791328e+000,
       1.0657905438276110e+001, 2.1688662421565563e-001,
       1.5594389312436563e+000, -2.7989819395580928e-001,
       1.3089878872838014e+001, 1.2899074349004525e-001,
       2.1567154069762768e+000, 1.4462965953442706e+000,
       1.3035189688592062e+001, 1.7715492894877560e-001,
       -3.5877076123499245e+000, 2.8268248155017828e-002,
       1.1550587196944313e+001, 8.0306965445644474e-002,
       -3.3914950619553270e+000, -3.4356117034965508e-002,
       1.1004287859726134e+001, 1.3972405081632289e-001,
       -5.1585998067436178e-001, 2.6298091234718304e+000,
       1.1071579008591968e+001, 2.5765094038776676e-001,
       -1.2873453297989252e+000, -1.8829474735161149e+000,
       1.1655059467799292e+001, 2.3748865437345307e-002,
       -3.4110995513351030e+000, 1.9631892524942527e+000,
       1.0868669243517806e+001, 1.7992946225757267e-001,
       -1.9484481879206389e-001, 2.4411839235648989e+000,
       1.0384696200149172e+001, 2.3987530743060251e-001,
       1.3899489482670484e+000, 1.5762956201406204e+000,
       1.2353620767875055e+001, 1.9201462320351739e-001,
       1.1330113960133690e+000, 2.1591198916429715e+000,
       1.0175211356734899e+001, 2.2264677335922178e-001,
       -2.1162844942673581e-001, 2.6963108156268705e+000,
       1.0795480608755142e+001, 2.5220052774207047e-001,
       1.0700221695211862e+000, -4.6915956954609533e-001,
       1.2795959764389988e+001, 1.1932222263162820e-001,
       -2.3646130746201219e+000, -1.8855021455714212e+000,
       1.2712820997871031e+001, 2.5906017741405180e-002,
       8.7097124781937885e-001, -2.3513771075744767e+000,
       1.4105591661621382e+001, 5.7861201745228984e-002,
       1.6302261667192810e+000, 3.8027247230923000e-001,
       1.2960253434610816e+001, 1.4379317639206390e-001,
       1.5121179395178377e+000, 1.6214093779128483e-001,
       1.2872070527011550e+001, 1.4129201272473171e-001,
       1.2281706096952754e+000, -3.2411148603460238e-001,
       1.3017953515965930e+001, 1.1665178001393353e-001,
       1.3271930198607014e+000, -3.9581374581271023e-001,
       1.3011782657932461e+001, 1.1825839606310463e-001,
       6.9737972377643032e-001, -2.2004853366460431e+000,
       1.3632596909541402e+001, 9.5035010062247210e-002,
       8.3627608435933398e-001, -1.6109135395331178e+000,
       1.3288143748607190e+001, 1.0151232960465573e-001,
       -4.8260787439295116e-001, -5.3594042132882913e-001,
       1.2158053762050958e+001, 9.3936451209799723e-002,
       -1.3473455204757858e+000, -1.7866063526904710e+000,
       1.2345683048952436e+001, 3.6561267662228114e-002,
       1.9481308213069077e+000, -6.8568097611459877e-001,
       1.3666687943611064e+001, 1.1358209625685745e-001,
       -1.0548544366290598e+000, -2.4918118386773083e+000,
       1.2867429010860072e+001, 3.0590654218649031e-002,
       -2.0009052433208523e+000, 1.7258750545482493e+000,
       1.0467012949690158e+001, 1.9169432276706208e-001,
       -2.0985950132840694e+000, -2.2010393490888296e+000,
       1.1093561869638883e+001, 1.3471030113423198e-002,
       -3.2696763862040399e+000, -8.2779548497300925e-001,
       1.1705175589947881e+001, 6.4540739463346403e-002,
       -1.2475191381573165e+000, -1.7037685240024221e+000,
       1.2472161961815113e+001, 3.7656968814512554e-002,
       -1.2269232053177479e+000, -2.1280539472531981e+000,
       1.3475070348644728e+001, 5.2049748900430522e-002,
       -3.0894506072701233e-001, 1.5176450160183541e+000,
       1.1682516032735347e+001, 1.7404632554718913e-001,
       -1.2074577879416832e+000, -1.9466043237676671e+000,
       1.1956831686701049e+001, 2.7516285892416417e-002,
       -1.5992866868384570e+000, -1.1635869533020342e+000,
       7.8535719085122340e+000, 5.6101529131926640e-002,
       -2.3223611354029479e+000, -1.6315780434589291e+000,
       1.2038707557471087e+001, 1.4197694627194812e-002,
       5.8199166095548716e-001, 2.6250974560560056e+000,
       8.8164281738856509e+000, 2.4227350281576976e-001,
       -3.2761305034452084e+000, -1.0281361715013222e+000,
       1.1585970740810680e+001, 5.8382330284533712e-002,
       1.3627718508914610e-001, 2.2328437439921087e+000,
       1.0404118391216425e+001, 2.3825975877798136e-001,
       -3.5320770779320156e+000, 1.7652100972758040e+000,
       9.4765204748822747e+000, 2.5257565726046455e-001,
       1.5656572560446125e+000, -2.6301390249459384e+000,
       1.5320594330788650e+001, 7.9709903808574054e-002,
       -3.5803985195712462e+000, 1.5017523855246445e-001,
       8.2679385355677510e+000, 7.3332269174625958e-002,
       -3.6559949009661237e+000, -2.2545992658156377e-001,
       8.6112081248914336e+000, 8.7601297071624395e-002,
       -3.5532529335729945e+000, 1.4222669698757244e+000,
       9.2058392601514711e+000, 2.2051806355198553e-001,
       -1.6767294309582661e+000, 6.1035627083746125e-001,
       1.0852047053198429e+001, 1.5277884164460265e-001,
       -1.9546655702643259e+000, -1.9276069155578730e+000,
       1.0325755611132985e+001, 1.1692796249518897e-002,
       8.1934356053415869e-001, 2.2660243817655434e+000,
       9.8868460406790923e+000, 2.3690078440880466e-001,
       -1.6859338678902798e+000, -6.1106967652598121e-001,
       1.1499890391333171e+001, 7.7744026047595657e-002,
       -2.7850224548314300e+000, -1.8520226797141919e+000,
       1.1733445068627397e+001, 1.8639865661180234e-002,
       -1.1124925808106934e+000, -2.5722778622040559e+000,
       1.2743049216349602e+001, 1.0765459475553327e-002,
       -2.0432379516171997e+000, -8.6147339123928091e-001,
       1.1297356499940296e+001, 7.2453869260155623e-002,
       2.2959498195661485e+000, 1.5310995740098154e+000,
       1.2672339029296250e+001, 2.0816817036656568e-001,
       -2.6764816620793992e+000, -1.9724878052641008e+000,
       1.2505521767630622e+001, 7.2394449494094862e-002,
       1.8058714031487044e+000, 1.6316785791098638e-002,
       1.2963783475427656e+001, 1.5722890400886191e-001,
       1.5008453217145639e+000, 1.1313574629512648e+000,
       1.2591774236781569e+001, 1.7219261880811643e-001,
       -1.5664029155727914e+000, -1.1407363730271651e+000,
       7.6917580258414286e+000, 5.7170050192059237e-002,
       -8.9717394882131374e-001, 1.2136670379142145e+000,
       1.1312254974037760e+001, 1.7478538753116551e-001,
       2.8838540173522538e+000, 9.9729514669912778e-001,
       1.0154034693068970e+001, 1.5347933300954039e-001,
       -1.5727906197306094e+000, -1.3387318059390263e+000,
       8.4797375186484807e+000, 5.0863151055915358e-002,
       1.4642558346278263e+000, 2.0676982680118332e+000,
       9.7670889398499554e+000, 2.1601918745871887e-001,
       1.5799203542186593e+000, 1.7830471768566589e+000,
       6.8184779024971878e+000, 1.7212948486255505e-001,
       -2.8817993882118049e+000, 1.6278808539293299e+000,
       1.0438404716080173e+001, 1.8529569101267834e-001,
       -7.0302260567152164e-001, 2.4168801535724245e+000,
       9.9576304629675860e+000, 2.1304248069351975e-001,
       -5.9389021952010879e-001, 2.4991981897975224e+000,
       9.8938653162003103e+000, 2.4986407737881813e-001,
       2.2057306422662633e+000, -1.4830416137080241e-001,
       1.3284783205438325e+001, 1.4364980529042101e-001,
       5.2345300442295695e-001, 2.3267204132203645e+000,
       1.0316738993160318e+001, 2.1648044646537187e-001,
       5.2067371357386476e-002, -2.3272296162210409e+000,
       1.3200988562704618e+001, 5.9692867998816512e-002,
       -1.1478683651110213e+000, -1.4727692010419022e+000,
       1.1985786320671735e+001, 5.8988580211119468e-002,
       1.4005593341852154e+000, 1.0978306967391049e+000,
       1.2570460321357031e+001, 1.7242974449430024e-001,
       -2.8308125748855006e-001, -2.1088312189636733e+000,
       1.2874380761206693e+001, 5.8749677530711468e-002,
       3.3331576099299740e+000, 1.6657443456092058e+000,
       1.0899974105592676e+001, 1.9543211391395596e-001,
       2.5780072093737361e+000, 4.9640185580962481e-001,
       1.3252983367036217e+001, 1.0088677200960780e-001,
       1.4201407574432623e+000, 2.3071809008830173e+000,
       9.4652368827787754e+000, 2.2052280368792299e-001,
       -2.9899938221836555e+000, 2.2553893017909052e+000,
       1.0585598540463163e+001, 2.1444520067603950e-001,
       -2.1452054865079212e-001, 2.8382624241468051e+000,
       1.1259550531032836e+001, 2.1212236042660249e-001,
       1.3849268136163906e+000, -1.3473889346829221e-001,
       1.2941926863749877e+001, 1.1979303297199338e-001,
       2.3637588861856980e+000, 1.3824680814120844e+000,
       7.6754370800070859e+000, 1.7526051787371566e-001,
       8.6516736640417813e-001, 2.6445733828849038e-001,
       1.2730126676195074e+001, 9.8203778098030436e-002,
       -1.3019800148877034e+000, -1.4836600779514106e+000,
       1.0147462459862300e+001, 1.9040669766245865e-002,
       1.3176299642274030e+000, 2.3255980583251947e+000,
       9.6728249591050144e+000, 2.2568045410479223e-001,
       -5.5345944244574841e-001, 2.4738540000046667e+000,
       9.8108795792407726e+000, 2.4273519403931593e-001,
       1.0991591742596574e+000, 2.5682192543852187e+000,
       9.2102154419944373e+000, 2.4558859535804886e-001,
       2.2764221078486768e+000, -1.0654416736222145e+000,
       1.3367255708401194e+001, 1.1397228028088961e-001,
       3.8970654573785954e+000, 1.8256776693581429e+000,
       1.1061085807634406e+001, 1.4279126640815726e-001,
       -3.6480960508464797e+000, -2.3733318660764571e-002,
       9.5169332965993618e+000, 1.7591443076768926e-001,
       -2.9234095040299710e+000, 6.5262772656094792e-001,
       1.0380500220977126e+001, 1.3343950628650464e-001,
       -3.0183672518189644e+000, 2.8192297223032430e+000,
       1.0395363978280276e+001, 2.9379398786576905e-001,
       1.4052599400644397e+000, 2.4852925754589528e+000,
       9.0417846312652372e+000, 2.3762816085936495e-001,
       8.7342024190947010e-001, 1.1697383610381797e+000,
       1.2373066526077842e+001, 1.9279470381920027e-001,
       -9.5170839961884524e-001, 7.0228047794592563e-001,
       3.0915182560528338e+000, 5.4586361589290984e-002,
       1.7560262521499614e+000, 1.3130427218720758e-001,
       1.3151081494670271e+001, 1.0079781128615507e-001,
       -3.4214126301887298e+000, -1.0086810471327545e+000,
       1.1428617961387527e+001, 5.5737925249821206e-002,
       2.8238530594887341e+000, 1.0296890495020272e+000,
       9.6368394944064342e+000, 1.7697354535169429e-001,
       1.6038927491714952e+000, -2.0165746222250069e+000,
       1.4041593175379312e+001, 1.0117183254036625e-001,
       -2.4235317689024276e+000, -1.1748703231696771e+000,
       1.1473963266249434e+001, 5.3020996498790933e-002,
       -1.5203146217570747e+000, -2.0194087481563594e+000,
       1.2260497341143807e+001, 2.9432955766790149e-002,
       -1.3566923432225291e+000, -1.5465176124603999e+000,
       1.0573813431064767e+001, 2.0870544802025690e-002,
       -1.8021545373156007e+000, -4.1781310393304966e-001,
       1.1295300343047119e+001, 8.8435888227249168e-002,
       4.3661167474281160e-001, -2.0682916553252566e+000,
       1.3542150685515859e+001, 5.6322496404103625e-002,
       -3.9404927210404024e+000, 1.6711234047449592e+000,
       9.4538016596489669e+000, 1.8912405618379408e-001,
       -1.6491306008951541e+000, -1.5997882428942130e-002,
       1.1377058264214266e+001, 1.0593281272709670e-001,
       -3.5605082437252116e+000, 1.7928992486988118e+000,
       9.5633281104486603e+000, 2.3157346643584792e-001,
       3.3467344127658576e+000, 1.6560976071272280e+000,
       1.0940313917092300e+001, 1.8280585390811360e-001,
       -3.6686485529313670e+000, -5.2636010468122096e-001,
       8.5037105300372957e+000, 2.1570717158867141e-002,
       -6.3566478250153846e-001, -4.7922783294797366e-001,
       1.1863911988110877e+001, 8.9523610791215485e-002,
       -2.1468271508722849e+000, -8.3780056768544109e-001,
       1.1343706057601519e+001, 5.2912102813535131e-002,
       -2.8763313424459538e+000, -9.4117310241506968e-001,
       1.1075174824892802e+001, 4.4026646323909319e-002,
       5.7900545026118233e-001, 2.5931661250704714e+000,
       1.0346773947318288e+001, 1.9513523945918657e-001,
       -2.7649522067796957e+000, -1.0971307370793260e+000,
       1.0808048091511235e+001, 6.1915467742972352e-002,
       5.7336487316967921e-001, 2.6877241678956194e+000,
       8.8045276018457876e+000, 2.6703416356683363e-001,
       5.5602401642751945e-002, 2.3358631188286658e+000,
       1.0406358785475389e+001, 2.4592075127518412e-001,
       -2.9751514379271495e+000, -2.0973248444548980e+000,
       1.3083642449415427e+001, 1.6171700427480742e-002,
       -3.8517057882693584e-001, -2.3979178074323713e+000,
       1.3383274010803689e+001, 4.4869694322518514e-002,
       1.0375890398233025e+000, -6.7860134029441399e-001,
       1.3139211272459647e+001, 7.5307525712645859e-002,
       -7.9963320022282591e-001, 2.1543439431285982e+000,
       1.1030248316555106e+001, 2.1073103392829498e-001,
       -8.1881069805333562e-001, 2.2050472546961615e+000,
       1.1287928718292823e+001, 2.1496168312140865e-001,
       -1.7644699595463340e+000, -7.1369112682506619e-002,
       1.1251867393972454e+001, 1.1173032656220896e-001,
       -1.3190837835854388e+000, -4.5250765084009864e-001,
       1.1682475916146316e+001, 8.3084863767098213e-002,
       1.2931093712909434e+000, 2.2318151477531405e+000,
       9.8703318615964530e+000, 2.3129239807899163e-001,
       3.3564601790787854e+000, 1.6008304529304014e+000,
       1.7497454194385693e+001, 3.3724433495713546e-001,
       -2.8512908606031728e+000, -1.0544903220579451e+000,
       1.1104131003495734e+001, 5.1967785443242646e-002,
       9.1360234975327725e-001, 1.2663397403136507e+000,
       1.2455174507070165e+001, 1.5688836487232610e-001,
       -4.1506363134682467e-001, -8.4282777064202119e-001,
       1.2256250123981014e+001, 8.8482522830997196e-002,
       -9.1025363166003781e-001, 1.8214900979768287e+000,
       1.1263756003828568e+001, 1.9937415837688627e-001,
       1.1187191610695184e+000, -2.7259196296028887e+000,
       1.3980592007577249e+001, 4.4431283977272328e-002,
       -2.7060416863141734e+000, -1.5019651892760111e+000,
       1.0137875344038520e+001, 9.1576050745738768e-002,
       -1.4743863173477321e+000, 1.1739351014083890e-001,
       1.1370267744316532e+001, 1.3663806697969683e-001,
       -3.6170715306318968e+000, -7.5192274824840777e-001,
       1.1199413454545503e+001, 1.2037310492687073e-001,
       1.3951545554270628e+000, 2.6309970126059259e+000,
       8.9793203641560080e+000, 2.2631558910496044e-001,
       -2.1582081947063623e+000, -4.5396843106261375e-001,
       1.1192877876369922e+001, 8.6252579221540490e-002,
       3.0937832338226521e+000, 1.7894041447854083e+000,
       1.0636705914655920e+001, 2.2703268029363727e-001,
       -1.8979308866623863e+000, -3.2941420701601670e-001,
       1.1429470891022472e+001, 6.2812148374204388e-002,
       -1.6493582965336155e+000, -4.6545320805507212e-001,
       1.1178069866795578e+001, 7.8333547953706117e-002,
       7.6946833483526522e-001, 2.6650828369111119e+000,
       8.8045020363880298e+000, 2.4314358966172356e-001,
       2.1475305925770396e+000, -1.3352516319888577e+000,
       1.3405221790286689e+001, 1.0372565851008089e-001,
       -3.7621928732774377e+000, -6.6551884825473828e-001,
       9.9799831733441486e+000, 6.4691629920525240e-002,
       -9.1223575160960912e-001, -2.4092549878748719e+000,
       1.3415237264735669e+001, 7.1422101619834685e-002,
       -3.8111072625129787e+000, 2.1731343064452973e+000,
       9.2824077952197825e+000, 2.1747405771936557e-001,
       2.2964688601279066e+000, 1.4795498712918032e+000,
       8.0421396531567133e+000, 1.7566574185292391e-001,
       2.3638762099258751e-002, -1.0502886527937267e+000,
       1.2636630700775243e+001, 9.2752560408384144e-002,
       1.2591534120000238e+000, 4.3939484178644395e-001,
       1.2789607331565231e+001, 1.4594483862578031e-001,
       -9.5975455013218969e-001, 7.8335714812113899e-001,
       3.1034353020514605e+000, 7.3987963991829608e-002,
       -9.6335297327157532e-001, -4.7200296130095332e-001,
       1.1563609462104584e+001, 9.7942256024236216e-002,
       -3.7776456979339024e-001, 1.8876283727323395e+000,
       1.1408764407237602e+001, 1.9167277095958096e-001,
       -3.5240331618405873e+000, 5.3241183623283117e-001,
       8.1166084059977237e+000, 1.2681204485754424e-001,
       8.7535385240412211e-001, 5.2028517437615218e-001,
       1.2533990422981441e+001, 1.4767352674757450e-001,
       -4.6880016289010812e-002, 2.4349755071931578e+000,
       1.0491458343711123e+001, 2.3366961896965105e-001,
       1.0227487189773625e+000, 2.2565892488034658e+000,
       1.0138371735689699e+001, 2.2137908221313221e-001,
       1.0470898083720739e+000, 7.3610791160643174e-001,
       1.2456057135678332e+001, 1.5594368575480388e-001,
       1.1492193299134716e+000, 1.1695338545641722e+000,
       1.2357976032163400e+001, 1.7433906434803359e-001,
       1.9073695621741287e+000, 2.0424894727418526e+000,
       8.9722676373841530e+000, 2.0204381336203459e-001,
       -7.7235213407831227e-001, 2.5215112409333846e+000,
       9.5973721264452578e+000, 2.0044456658083923e-001,
       -1.6248415320607941e+000, 5.0201328967897330e-001,
       1.1207489543045963e+001, 1.3901999094815254e-001,
       3.2671812054601018e-001, 1.1719901369495769e+000,
       1.1695962876688917e+001, 1.7152826122273926e-001,
       3.9263694525029278e+000, 1.7234134608457845e+000,
       1.1289601757068603e+001, 1.5311357506256001e-001,
       -1.0012738755143176e+000, 2.1277713113360885e+000,
       1.0870948960383243e+001, 2.0469250287499141e-001,
       -3.2922343003958003e+000, -7.2916214256452261e-001,
       1.1579167402643744e+001, 6.3385297004555682e-002,
       3.0325319114556297e+000, 1.9621820658261129e+000,
       1.0638323878096024e+001, 2.2286896546791565e-001,
       1.0380189402707549e+000, 5.3290509588211199e-001,
       1.2661594841965698e+001, 1.5926209188918669e-001,
       1.5386797598391266e-001, -1.7897613255551375e+000,
       1.2752456313262787e+001, 6.2711607960684090e-002,
       -2.7580258519534356e-001, 3.3521242412402308e-001,
       1.2088287781491928e+001, 7.8614502042647416e-002,
       1.0134652144033476e+000, 3.7495329380613684e-001,
       1.2707863786508499e+001, 1.4508697931321088e-001,
       -3.5450495259761832e+000, 3.9908492994736350e-001,
       8.3968856436054438e+000, 1.1942627112669055e-001,
       1.2591267550769081e+000, 1.7041934312533846e+000,
       1.1972207906233120e+001, 1.5882082753981566e-001,
       6.6432108014890390e-001, 1.8026899186050804e+000,
       1.0225069180272396e+001, 2.0259511212623124e-001,
       -2.2886071858504078e+000, -8.3457599094565804e-001,
       1.1285910696553305e+001, 6.4580221626861972e-002,
       5.1704931267688607e+000, 2.4563053454225234e+000,
       1.6040703891487397e+001, 2.2346436356338736e-001,
       1.0606807538314595e+000, -2.6321793914082328e+000,
       1.4004138340542822e+001, 3.2790613080005859e-002,
       1.5661610821336605e+000, -2.2133530109888117e-001,
       1.3009457260828178e+001, 1.2930381447553146e-001,
       1.6330429744799591e+000, 1.8609759849841516e+000,
       7.0331685674624698e+000, 1.3572711875920462e-001,
       -1.6151443669277246e+000, 7.2974904483301573e-001,
       1.1301430093603402e+001, 1.5456069816839932e-001,
       -2.0622660802936057e+000, 1.8407827138939865e+000,
       1.0294445887809225e+001, 1.9569978098191090e-001,
       -4.7335423136313903e-001, 1.8837844094825715e+000,
       1.1390893695537141e+001, 1.9441791096070365e-001,
       1.0057146758950533e+000, -6.8628150376632435e-001,
       1.2771902183272093e+001, 1.2652031810024136e-001,
       -3.8123013625895907e-001, -7.6891540125851332e-001,
       1.2159445026640263e+001, 8.7012029388291376e-002,
       -2.0554213219925259e+000, 1.8892097821251035e+000,
       1.0345570617110363e+001, 1.9823137339581651e-001,
       -6.7147194388643416e-001, 1.3851577231355261e+000,
       1.1512720359945114e+001, 1.7545499009975546e-001,
       6.3697131782035551e-002, 1.7558515006872122e+000,
       1.1380981157079406e+001, 1.8904173453712900e-001,
       -3.0544050378487075e-001, 2.2219790070641694e+000,
       8.8111850564056695e+000, 2.1504067922196154e-001,
       1.0885877229415881e+000, -2.6785100079143023e+000,
       1.4386196692557220e+001, 1.6441718351716379e-002,
       1.7683330733228353e+000, 2.1484957088687837e+000,
       8.8260557397410153e+000, 2.3182067699430325e-001,
       1.3930401557823773e+000, 2.2720105441559073e+000,
       9.7467467117530795e+000, 2.1699246443344489e-001,
       -3.7922165648907069e+000, 1.7274766879973513e+000,
       9.3273369389502534e+000, 1.9368264254481429e-001,
       3.2130601040233198e+000, 1.0259574104335862e+000,
       9.9767100892090923e+000, 9.6271893271528339e-002,
       -3.8893314996831538e+000, -7.5383982744664080e-001,
       1.1344387451745082e+001, 8.9100059650384408e-002,
       8.0012047643106010e-001, 2.8676267046983894e-002,
       1.2278165054187191e+001, 1.2751972732161607e-001,
       1.4397150709115425e+000, -6.7773238700808580e-001,
       1.2980386185104773e+001, 1.0375032129483484e-001,
       6.4747938965557261e-001, -3.3975043166194380e-001,
       1.2646822492459549e+001, 1.1288380310486321e-001,
       1.4384910757280331e+000, 5.5389638010445785e-001,
       1.2685142997489105e+001, 1.4400791176801642e-001,
       -4.4968166420770075e+000, -5.0657151422462887e-001,
       1.7504192037038244e+001, 2.5836867743354630e-001,
       -1.5139701095966385e+000, -7.8176811230235521e-001,
       1.1677953126680720e+001, 9.6271249640841244e-002,
       1.2739729207545274e+000, 2.4625343126659081e+000,
       9.4965386762520794e+000, 2.4411226052652812e-001,
       1.2595526730904401e+000, 2.5163143703381481e+000,
       9.0221571261611153e+000, 2.7249555994366137e-001,
       -3.5410862797185834e+000, 1.6431038486478911e-001,
       8.4509580521584429e+000, 1.5102771636097112e-001,
       -2.2459342712892440e-002, -2.4189526817518701e+000,
       1.3385600193673284e+001, 4.4140078182209351e-002,
       3.5222397460555332e-001, -1.0184685419071318e+000,
       1.2351541175149549e+001, 9.3692629807082636e-002,
       2.2318234709335369e+000, -9.4054535559077945e-001,
       1.3561752033992098e+001, 1.2283063832430746e-001,
       1.7980771557218556e+000, 1.2400753239440598e+000,
       1.3516137565571618e+001, 2.0608052323851850e-001,
       2.5465923876690899e-001, -5.5133213274756609e-001,
       1.2139348883407767e+001, 1.1069058224877081e-001,
       2.6436949038290964e+000, 1.6229858110989412e+000,
       1.2431978648850219e+001, 1.6776297832257558e-001,
       -9.0621896745559960e-001, 1.7959438858480157e+000,
       1.1186628748207474e+001, 1.8684197277987200e-001,
       1.0582231044363875e+000, 2.2918565996303988e+000,
       9.6243859399873273e+000, 2.4400962102613427e-001,
       -4.0482308814835677e-001, 1.7351920126594478e+000,
       1.1495568797355093e+001, 2.0972313790934971e-001,
       2.2275965852440707e+000, 7.5899615062930670e-001,
       1.4292012809981321e+001, 1.4411716738011396e-001,
       2.4292244546800159e+000, -8.4408647024169459e-001,
       1.3661521280260878e+001, 1.1346300351293792e-001,
       8.1894178374707094e-001, 1.6506838342465948e+000,
       1.0237623464355833e+001, 1.9885783124983342e-001,
       1.4105592100453985e+000, 2.6005357725382936e+000,
       8.5755656983484432e+000, 2.5376435167867456e-001,
       -1.3547437998913927e+000, 1.5273702108670284e+000,
       1.0884911440379691e+001, 1.9608462844992863e-001,
       -3.7173379503363613e+000, -4.3279632403497997e-003,
       9.7120747804181455e+000, 1.3913522949271948e-001,
       2.5580384330332878e-001, 1.6887388803705941e+000,
       1.1240167200198934e+001, 1.7841212438655052e-001,
       2.1015950299124651e+000, 1.7240287499264659e+000,
       8.0593521029906956e+000, 2.0675941648049181e-001,
       -7.9797246968668034e-001, 1.1328554105929216e+000,
       1.1535741097020633e+001, 1.7799350616499998e-001,
       -8.8685545783573483e-001, 1.3022851581304487e+000,
       1.1234631990564960e+001, 1.6685854284384255e-001,
       -4.2612270860434698e-001, 1.3181736109483082e+000,
       1.1767178742794083e+001, 1.4071613501339097e-001,
       1.7131823060944642e+000, 2.0494897342930711e+000,
       9.1303734502017573e+000, 2.2443460429002263e-001,
       4.2703011210351800e+000, 1.5994776156667350e+000,
       1.1262198719243969e+001, 1.2116718806109079e-001,
       -9.1111490288245900e-001, -9.9878048708053280e-001,
       1.2753028981979581e+001, 8.3328768745101617e-002,
       1.2655608072533768e+000, 2.5293557687645629e+000,
       9.0567854195836013e+000, 2.6691677731373475e-001,
       2.3751449177361978e+000, 1.3461885344861262e+000,
       9.4505417622962700e+000, 1.5575986168822348e-001,
       -1.3034090115932956e-001, -1.8858351321662565e+000,
       1.2505952888280788e+001, 5.3358380333446004e-002,
       1.6222174884922183e+000, 2.1844354070723524e+000,
       8.8283374780753761e+000, 2.3939939615813191e-001,
       1.3158522605718759e+000, 1.0564176978931106e+000,
       1.2674137165392690e+001, 1.7478163862311230e-001,
       1.8485409358139566e+000, 1.8793127427095255e+000,
       9.5955409484238103e+000, 2.0910882524957075e-001,
       1.6387872846793154e+000, 1.8675141068067047e+000,
       1.0195211346774517e+001, 2.0695235205377460e-001,
       -6.4797902282489980e-002, -1.9386572653992915e+000,
       1.2650042222215198e+001, 4.4381318796399338e-002,
       1.5112949993797646e+000, 2.3502307383683578e+000,
       9.0227140430830524e+000, 2.2517582443439860e-001,
       -1.8701859794138671e+000, -1.1531275464954240e+000,
       1.1448309190828308e+001, 5.0699800388174551e-002,
       1.1450498383324559e+000, 6.5737026306676571e-001,
       1.1807159929588423e+001, 1.5565675576655055e-001,
       2.9763593445125147e-001, 7.7334916493839034e-001,
       1.2845882703710702e+001, 2.3028987076034541e-001,
       1.7952586583825643e+000, 1.8773027785833030e+000,
       1.2380465909647246e+001, 1.6701242762539895e-001,
       6.4288620350661763e-001, 1.2836455294959137e+000,
       1.2166639920876229e+001, 1.7056273283079937e-001,
       4.9607191154795177e-001, -1.6943819886444054e+000,
       1.3467430375738157e+001, 6.0100412585229634e-002,
       -3.4522822335423231e-001, -1.7538438951749975e+000,
       1.3003591219951083e+001, 5.1482053886176576e-002,
       6.0590510573876721e-001, -1.3984460840862628e-001,
       1.2229755774467066e+001, 1.3668129565482798e-001,
       2.3908663285681775e+000, 1.3784609071812866e+000,
       7.4925014755169927e+000, 1.7410002589138657e-001,
       -1.1273152499025549e+000, -9.2019202995080329e-001,
       1.1669893886511524e+001, 7.4456954495716779e-002,
       2.4456728146026868e-001, -1.8950629407601005e-001,
       1.2675217342264228e+001, 1.0662471260685542e-001,
       4.0980373177506859e+000, 1.6669074099025871e+000,
       1.1306788089831237e+001, 1.2839533889069374e-001,
       1.9990752941179855e+000, 1.7552403426096592e+000,
       9.1344361123720574e+000, 2.0219276999682279e-001,
       2.4307635069199893e+000, -3.6152808426814265e-001,
       1.3828507275893813e+001, 1.3102585581078918e-001,
       2.2320542827965708e+000, 1.5491278649188098e+000,
       8.2585457886924534e+000, 1.8891803218173650e-001,
       -1.1109905266173410e+000, -9.5875239721411931e-001,
       7.1750362389238962e+000, 4.2351869187629745e-002,
       1.3110174097337186e+000, 2.3154790009142348e+000,
       9.6149301729462238e+000, 2.1688572991563532e-001,
       2.9363353539617520e+000, 1.8201848921227648e+000,
       1.0659890626484607e+001, 2.5473705253974405e-001,
       -1.1104648038352578e+000, 1.7846957951279268e+000,
       1.1208247547566922e+001, 1.7989594509769719e-001,
       2.4166562415257999e+000, -1.3187931484252937e+000,
       1.3719153921405050e+001, 1.3262855455333897e-001,
       1.1016668558233773e+000, 2.7212230952720069e+000,
       9.0949588495999336e+000, 2.4746657946534298e-001,
       -1.0919052782688810e+000, -8.3839009438250955e-002,
       1.1815928551026854e+001, 1.1192695005127194e-001,
       2.8446341874421783e+000, 1.9738696164831202e+000,
       1.0561037234990174e+001, 2.5654991386329667e-001,
       -4.1558659056563807e-001, 2.0060589427975857e+000,
       1.1278978281460116e+001, 1.9978383154548709e-001,
       1.3053190491652931e+000, 2.7790140770666656e+000,
       9.0853022576408140e+000, 2.5026023739059083e-001,
       -1.6711705944952122e+000, 9.2892405952909096e-001,
       1.0795186538135805e+001, 1.7039387967919337e-001,
       1.4838585386750811e+000, 2.5161708110400567e+000,
       8.8382263390376963e+000, 2.4873606777710519e-001,
       1.9293037343624966e+000, 1.8281091245223038e+000,
       8.9089800408913007e+000, 2.2870000611720315e-001,
       -2.4106569202465939e+000, 2.3667515454573849e+000,
       9.7854487079312147e+000, 2.2610873434909656e-001,
       1.7327024333141972e+000, 1.5231168594134088e+000,
       1.3323002214245490e+001, 1.9609959048699838e-001,
       2.4660000159390689e+000, -1.2454545439976165e-001,
       -8.4297668741932910e+000, 1.3347434005518857e-001,
       1.3552890434421920e+000, 2.5361144675222800e+000,
       8.9937175799338895e+000, 2.4813003403921471e-001,
       1.7150409796782438e+000, 1.8999345703043988e+000,
       9.6659559566234812e+000, 2.1109006840206354e-001,
       2.0758706584718233e+001, 1.4852221564954700e+001,
       -9.7107140895106596e+001, 7.9572141227207271e-001,
       2.4081653921689181e+000, 1.2746374072318503e+000,
       8.9741372824285115e+000, 1.8109368587761107e-001,
       1.5449307086259159e+000, 2.4340264681903840e+000,
       9.5314664560567124e+000, 1.9452854925882382e-001,
       1.0249116531850682e+000, 1.6610920834831338e+000,
       1.1916868824367146e+001, 1.9131049747115669e-001,
       -1.5510373900706289e+000, -8.0076536851328806e-001,
       1.1962928122378662e+001, 9.8463913054956845e-002,
       -4.9844222037080965e-001, -6.9058517115321016e-001,
       1.2199735836327054e+001, 9.3656208960728154e-002,
       -5.2461814421920772e-001, 1.3908184550545970e+000,
       1.1564660597975189e+001, 1.7307379134342468e-001,
       1.1070295825806138e+000, 2.2813869339070747e+000,
       1.0081460266918533e+001, 2.3254229885735497e-001,
       -2.6250411000366052e+000, -2.3215024650113150e-001,
       1.2313453363355599e+001, 2.0380186749566456e-001,
       -7.1009298485188743e-001, 1.7817068476522719e+000,
       1.1245247085684291e+001, 2.1559119963475804e-001,
       3.5822747244993107e+000, 1.6850539039699579e+000,
       1.1107581653639723e+001, 1.8577270884502514e-001,
       -3.5457803122578477e+000, -9.1335967774982219e-001,
       1.1676343565416659e+001, 5.8426290162671417e-002,
       -1.8931284265181831e+000, 2.1826617449774058e-001,
       1.0922679896729509e+001, 1.2387003474687897e-001,
       1.9493594786570023e+000, -1.6932314639606949e+000,
       1.4807781063413987e+001, 9.2478674416287557e-002,
       8.1460599055830762e-001, -1.4308833994137712e-001,
       1.2464621388100547e+001, 1.1526025415545320e-001,
       -3.0387025670872581e-001, 1.6340144385043804e+000,
       1.1587834550525088e+001, 1.8807660591859451e-001,
       -9.1532574831857749e-001, -2.8903506430089165e-001,
       1.1947792866430611e+001, 1.1256552345441950e-001,
       1.3995531208506584e+000, 2.4708399285305322e+000,
       9.0299375617599953e+000, 2.5915432787193521e-001,
       -4.9339858387253971e-001, -4.8166255873592889e-001,
       3.3005199000062779e+000, 5.6418104934213521e-003,
       4.8841522719927499e-001, -2.0472548053586541e+000,
       1.3561687476673143e+001, 2.2987477905049885e-002,
       2.4957737494929981e+000, 7.2563087448034280e-001,
       9.0710624579570407e+000, 1.7619726695010446e-001,
       -1.3545395920872039e+000, -4.7902733239237924e-002,
       1.1589627926346143e+001, 1.0998500371799538e-001,
       2.0026009187745872e+000, 1.8538032067646639e+000,
       8.8077004749128918e+000, 2.0766565619856792e-001,
       2.0585685501156932e+000, 1.7205309429506253e+000,
       9.4899293909365134e+000, 1.9987387829049330e-001,
       2.5289739360761603e+000, 1.2007043267486972e+000,
       9.6030690575703215e+000, 1.7791619996942468e-001,
       1.2297773634663125e+000, 2.4171220087017629e+000,
       9.7186843286808191e+000, 2.2267635963767729e-001,
       -1.6549238267798345e+000, 1.3541369891366677e+000,
       1.0877466613156928e+001, 1.8017375977338609e-001,
       8.2257466522435807e-001, -1.5909703961979549e-001,
       1.2623868435860054e+001, 1.4521609570279298e-001,
       2.2657866814055563e+000, 1.5873478945691604e+000,
       7.3778893489467201e+000, 1.4925534063414644e-001,
       -2.0858310707428771e+000, -1.4037881222671095e-001,
       1.0806275823776193e+001, 1.0112223459282389e-001,
       8.3463877544934029e-001, 3.0369982030821571e-002,
       1.2812729898075169e+001, 1.3219467210072491e-001,
       3.4398876181978428e+000, 1.8533460560797597e+000,
       1.0949661026764499e+001, 1.5171978606771583e-001,
       2.6986641848063064e-001, -2.3893892056125354e-001,
       1.2440274212018071e+001, 1.3536632227424331e-001,
       2.1040986815344325e+000, 1.5917166113048224e+000,
       9.1583612808480606e+000, 1.9212449744277466e-001,
       -2.6750794321994973e+000, 7.1974843411292255e-001,
       1.0575212086789916e+001, 1.3912767967006867e-001,
       -9.8681287756238323e-001, -2.2804486850376318e+000,
       1.2004251467349551e+001, 5.8638452921970473e-002,
       1.8756333725728540e+000, 2.0732022150537839e+000,
       9.0588587344297622e+000, 1.6737039054368832e-001,
       -1.5890659922225563e+000, 1.0781957055057165e+000,
       1.1030514928084330e+001, 1.6193878637833306e-001,
       1.4731136470830748e+000, 1.9761461996417262e+000,
       9.9787845285626293e+000, 1.9957939130361374e-001,
       -1.1489314295188393e+000, 2.0300779600977897e-001,
       1.1288456496134980e+001, 1.1887935789578939e-001,
       -3.8913375175717929e-001, 2.4405395644540562e+000,
       8.8376896779091130e+000, 2.3471632744109330e-001,
       1.5762375627123495e+000, 2.4811329625978269e+000,
       8.9485166384556720e+000, 2.2789256515814033e-001,
       1.0346355790061978e+000, 1.4029346818949509e+000,
       1.1932061977496845e+001, 1.9199147526000324e-001,
       2.0376856161727686e+000, 1.8181273055332796e+000,
       9.1984752283003068e+000, 2.1685567499060002e-001,
       1.0304160635831536e+000, -2.7441868731486698e+000,
       1.4369959154161819e+001, 9.4105835828555043e-002,
       1.7812429647005572e+000, 1.8553699001929727e+000,
       1.0192091842230120e+001, 2.0329004830942804e-001,
       -3.7356559058432888e+000, -3.8456259066347315e-001,
       8.8982599259344042e+000, 1.0885724498120113e-001,
       3.1896618411972522e-001, 1.7255910881656553e+000,
       1.1357573089046337e+001, 1.7083104413455380e-001,
       1.7042412431910332e+000, 1.6489502958152871e+000,
       6.7088340790185192e+000, 1.7216635399733751e-001,
       -2.5623031469217157e+000, -6.4717081717295899e-001,
       1.1582083206428852e+001, 1.3614543762258136e-001,
       3.5405345968117072e+000, 1.8391335934350677e+000,
       1.0889527578223962e+001, 1.7432743943168705e-001,
       -1.5939816085596709e-001, -1.1359751444797241e-001,
       1.1462604529176495e+001, 1.1517973042823849e-001,
       -2.0044999457064026e+000, 1.7422717481346242e+000,
       1.0669717449345324e+001, 1.7932740523360879e-001,
       4.1610123082830057e+000, 2.4261399339029470e+000,
       1.4323469931445985e+001, 2.7431188630109854e-001,
       -2.6729881903525849e+000, 1.4314113490845481e+000,
       1.0291525282336599e+001, 2.0138758967374312e-001,
       -2.7451078274327081e+000, 1.0899897134355003e+000,
       1.0733544494605297e+001, 1.0452604037838401e-001,
       -2.3795061347066433e+000, 1.8603832109804563e+000,
       1.0381587315090169e+001, 2.8558763059546050e-001,
       2.0954096801162692e+000, 1.6101312197702327e+000,
       1.0122303981220519e+001, 1.9641569590982058e-001,
       -1.4838408053691203e+000, 1.3527369233201378e-001,
       1.1461486810159073e+001, 1.0381791697574327e-001,
       -2.6869316287344880e-001, 2.4054151884807942e+000,
       8.9614441342884685e+000, 2.3650827461767476e-001,
       -3.7669163208283920e+000, -5.1726246642368268e-001,
       9.4129032258306999e+000, 1.1547035825244825e-001,
       -1.7810438202803094e+000, -2.0910181402953146e-001,
       1.1301973392582553e+001, 1.0102116708790507e-001,
       -4.4427617166501077e-001, 1.5732414444762886e+000,
       1.1638943757558653e+001, 2.1590916110202199e-001,
       3.7257887753752978e+000, 1.8005455848689149e+000,
       1.0937975405982099e+001, 1.5606546788517053e-001,
       4.6126798637155648e+000, 2.3019507933237158e+000,
       1.5087161057785753e+001, 2.1660018879319978e-001,
       -1.8742271138626623e+000, 1.6823427634521557e+000,
       1.0789561386330728e+001, 2.1619934247072028e-001,
       2.0960866096947450e+000, 1.7203928224161604e+000,
       7.7036283852038343e+000, 2.2039381767755478e-001,
       -6.7198957262404280e-001, -1.2332502934236078e+000,
       1.2055376912159396e+001, 5.9630062300615648e-002,
       -1.6153686590804988e+000, 2.2669051740573254e+000,
       1.0514323002240809e+001, 2.1141469382853761e-001,
       -2.1777963636856130e+000, 1.7099252176591340e+000,
       1.0400853248173156e+001, 1.9935087704079502e-001,
       3.0162990313097188e-001, 1.6322860876430307e+000,
       1.0871682620514584e+001, 2.0219349929070640e-001,
       2.2853858613593010e+000, 1.4408242836655625e+000,
       7.6304273222267449e+000, 1.9050664236553508e-001,
       4.0420599235195578e+000, 2.7666322460953188e+000,
       1.4316839258556669e+001, 3.0426603613616310e-001,
       -3.7231273043252129e+000, 1.6535464771982111e+000,
       9.3347358857135347e+000, 1.9177609159740258e-001,
       -3.4066963685431606e-001, 2.3484330084662552e+000,
       8.9274790961082466e+000, 2.2894995404463173e-001,
       -1.4429191815129055e-001, -5.2479520593379836e-001,
       1.2316868111871138e+001, 8.9950552154190899e-002,
       -2.7242547853177657e+000, 1.0702727406726500e+000,
       1.0648762420715194e+001, 1.2570533849020621e-001,
       9.4465869505838040e-001, 3.3251385932128441e+000,
       1.4722173393325676e+001, 4.5920524355088083e-001,
       6.3473605347509010e-001, -1.9892018282451200e+000,
       1.3311811018378890e+001, 5.5475543104087630e-002,
       2.0102035043120723e+000, 1.9258538984935476e+000,
       8.4454530185339731e+000, 2.1231861783622857e-001,
       2.6988389269607871e-001, 1.7516136432449123e+000,
       1.1622844311035557e+001, 1.5884106133834189e-001,
       1.5257791201045765e+000, 1.4731850715575395e-001,
       -6.0590044695548260e+000, 2.7230066659883638e-002 ]
