%YAML:1.0
current_middle_points: !!opencv-matrix
   rows: 418
   cols: 4
   dt: d
   data: [ 2.8200051527007792e+000, -1.2260887852407421e-002,
       1.3438527034710944e+001, 1.7642612866104648e-001,
       -1.8223677950728296e+000, -1.5640289221828714e+000,
       1.1767013900853541e+001, 5.2944171658541476e-002,
       -3.2911503722659194e+000, 4.1903883272218956e-001,
       1.1033293471574410e+001, 1.3581232982841332e-001,
       -7.7372959275193193e-002, 2.6205112155300201e+000,
       8.6328047112146571e+000, 2.4658357026050701e-001,
       -2.3397952892508771e+000, -1.6587031495647180e+000,
       1.2127266431357294e+001, 4.4263276395971246e-002,
       -3.5637092259323602e+000, -3.1345876559296210e-001,
       1.1604692134317737e+001, 1.0463157477390075e-001,
       2.7119215726895223e+000, 9.2796947270412722e-001,
       1.3041911339684489e+001, 1.6631218045574811e-001,
       -1.9058256071036803e+000, -1.8367853811419619e+000,
       1.2093489311352410e+001, 3.1813165549808391e-002,
       -4.8176779453095792e-001, -2.5462889739425929e+000,
       1.3375424276631193e+001, 3.5631811794144312e-002,
       1.4215145445830981e+000, 2.9472147564306453e-002,
       1.2885523252857428e+001, 1.3622219271482536e-001,
       1.5294745143911799e+000, 1.5531271091206893e+000,
       1.2580631796918901e+001, 1.9649230426206737e-001,
       -3.4070383313427932e+000, 2.9986154925855529e-001,
       1.0993426523919350e+001, 1.1282808660224770e-001,
       -3.8204577670539055e+000, 1.7221960079591510e+000,
       9.3082018291616215e+000, 1.9199867420992917e-001,
       -3.2639149361535376e+000, 2.7157880272007728e-001,
       1.0430369030090541e+001, 1.4680212464569503e-001,
       1.6790553121068903e+000, 1.3153600794579634e+000,
       1.2766471748822838e+001, 1.9776235415575441e-001,
       1.9068889715038542e+000, 1.0713462751449065e+000,
       1.2879221330089575e+001, 1.6883495568821291e-001,
       7.0130413980911777e-001, -2.5301006498882566e+000,
       1.3832160188974020e+001, 5.1946670284994639e-002,
       2.6153503972958334e+000, -6.4124186270811556e-001,
       1.3694179045872634e+001, 1.2097084558261341e-001,
       1.8934976164724286e+000, 2.6845032610262670e-001,
       1.3066836300939642e+001, 1.4804018750444778e-001,
       -3.3842761209728405e+000, -2.6302091134603900e-001,
       1.0971216143488361e+001, 9.6008556652796312e-002,
       -3.6104916960754676e+000, 2.1552650955970538e+000,
       9.3244171165680267e+000, 2.2194247314372312e-001,
       2.1064650855044182e+000, -7.1887268141279451e-002,
       1.3366266833486613e+001, 1.1811885474435492e-001,
       -3.6295880603130422e+000, 1.7511619099792826e+000,
       9.3377676441963278e+000, 2.0160762366095827e-001,
       -9.3404418081199747e-001, -2.0575654277712596e+000,
       1.3154547920843765e+001, 3.9891012963389018e-002,
       2.6339077642151207e+000, -2.3808917320728720e-001,
       1.3611141831235539e+001, 1.6738907087027580e-001,
       -3.3254618400629243e+000, 1.3901464467370046e+000,
       1.1162500486242635e+001, 1.5797609286695821e-001,
       1.6498337496318742e+000, 1.4417493713672331e+000,
       1.2700383525037978e+001, 2.0732325015746927e-001,
       -3.6314513473447487e+000, -2.1530823480605449e-001,
       8.5553931868350332e+000, 6.9704923188240578e-002,
       -1.6520047009223360e+000, -2.0476366478326584e+000,
       1.1764010469377343e+001, 2.5344407409525427e-002,
       -3.2362679646970447e+000, 1.5750978955587842e+000,
       1.0840165459755074e+001, 1.5173060369163033e-001,
       -3.4142797675948771e+000, 2.8777942898890396e-001,
       1.0911385565813937e+001, 1.4621515469035096e-001,
       1.6140420206794550e+000, 1.3975069070328643e+000,
       1.2466725693848840e+001, 2.3938341671813027e-001,
       -2.5500438349614400e+000, -1.8569038265886668e+000,
       1.1924010598439615e+001, 2.1863196386377733e-002,
       -2.5110393718522568e+000, -1.7941481578836829e+000,
       1.2337635356165206e+001, 2.1250438612726592e-002,
       -6.5272138503572785e-001, -2.0808160989198177e+000,
       1.3254700660019143e+001, 4.7104622614452932e-002,
       -3.2869743218224809e+000, -4.1925411466557644e-001,
       1.1104349808791886e+001, 1.8125289254367105e-001,
       -3.6628567362207076e+000, -2.0365526525420963e-001,
       8.6302218654432821e+000, 4.3318684738333120e-002,
       -3.1820653898924949e+000, 1.8762013412092533e+000,
       1.0735883964806630e+001, 2.3912602159438767e-001,
       1.2197741395697117e+000, -5.3676068093201934e-001,
       1.2916168760131512e+001, 1.0916062921352367e-001,
       -2.5664825829768869e+000, -1.5834281951202236e+000,
       1.1655510683001300e+001, 3.6149370662840637e-002,
       1.1685499488065925e+000, -6.6713342675865750e-001,
       1.2878975606608865e+001, 1.0042608410798870e-001,
       -1.9354709078184433e+000, -1.6924615245087153e+000,
       1.1229777140848080e+001, 1.4104120800537967e-003,
       -3.6356383577662292e+000, 2.1227487502582187e+000,
       9.3230346232683061e+000, 2.3257759931072633e-001,
       3.5686000047445210e-001, -2.0442925596864825e+000,
       1.3174190145124873e+001, 6.0813841978532263e-002,
       -3.7171575773961254e+000, -7.9643147268806580e-001,
       1.1046909154125039e+001, 4.3006247859974277e-002,
       -1.5709292173923384e+000, -1.3984740944798237e+000,
       1.1783480343661903e+001, 2.5598101891166347e-002,
       -3.3111588509318706e+000, -1.5979673488074192e-001,
       1.1464866654393909e+001, 1.0916252979153139e-001,
       2.5111073945116003e+000, 4.6076933797776753e-001,
       1.2924567517869026e+001, 1.4503039181153884e-001,
       1.9849009688331605e+000, -3.6915023795843316e-001,
       1.3264295045409327e+001, 1.3147153261877598e-001,
       2.3502648917348510e+000, 1.8794348787631289e-002,
       1.3418127951534734e+001, 1.3576721550090495e-001,
       -3.5633434305879632e+000, 2.4357545537358218e+000,
       9.1787378107986477e+000, 2.1108850782503874e-001,
       1.7530192123422652e+000, 1.5506508238101380e+000,
       1.2480360636893138e+001, 2.1038116148330707e-001,
       -2.4718857900283693e+000, -1.2099327790219954e+000,
       1.1096844169500315e+001, 5.1122212743886501e-002,
       1.4727256042827221e+000, 1.4192865831502663e+000,
       1.2768824683135760e+001, 1.7582678202591967e-001,
       2.3173576057738297e+000, -1.0252812704262728e+000,
       1.3595720415733144e+001, 9.9157674308025315e-002,
       1.5987643284741337e+000, 5.3579493346437346e-001,
       1.2819859610564563e+001, 1.5134685382887894e-001,
       -1.7238802708991487e+000, -1.4952402419368889e+000,
       1.1033125593247409e+001, 6.0676608549566809e-002,
       2.3185541247930139e+000, 8.4034618353440518e-002,
       1.3301497972375248e+001, 1.4112062792307783e-001,
       -3.7913793854598110e-001, -2.3573374572282688e+000,
       1.3180297128269867e+001, 3.5896010402492733e-002,
       -1.5586851828454997e+000, -1.5829622646715458e+000,
       1.1556198190359044e+001, 3.6977074978783747e-002,
       1.8230793320548502e+000, 4.8043613420647657e-001,
       1.2945585426892887e+001, 1.5751133929602507e-001,
       1.3321364904275146e+000, 2.6083379333047874e-001,
       1.2818739352739055e+001, 1.3668453027464239e-001,
       -3.6672477004389314e+000, 2.1570836611031616e+000,
       9.4127965287297393e+000, 2.0741460331264033e-001,
       -6.9660179358126839e-001, -2.3189190065071270e+000,
       1.3025685461752683e+001, 2.8834636044818104e-002,
       -1.2574040829581004e+000, -1.7283580021107192e+000,
       1.2564091926679090e+001, 6.1768218869322634e-002,
       -5.2956648980978571e-001, -2.3653642302461702e+000,
       1.2866565718818183e+001, 4.2548523656949902e-002,
       -2.7506168887146627e+000, -1.4230040852062491e+000,
       1.0880939156838515e+001, 4.0396910734150304e-002,
       1.8895193029468329e+000, -2.7833450664513093e-001,
       1.3215682579317054e+001, 1.2994025681439397e-001,
       -3.6774327614254814e+000, 1.9723226114717269e+000,
       9.3576057142884963e+000, 2.1076166128063081e-001,
       -1.5980779568281518e+000, -1.8328985612968083e+000,
       1.2451459005958810e+001, 4.7830324261026097e-002,
       -3.6815011903464754e+000, 2.1794157661539417e+000,
       9.4553620294516296e+000, 1.8380089531008467e-001,
       -3.5102035802757845e+000, 1.7992829612785817e+000,
       9.4479799556385800e+000, 1.7315943869181752e-001,
       -1.3567860597488273e+000, -6.1921649433493009e-001,
       1.1759111391322273e+001, 7.9102885119644722e-002,
       2.6190769567493639e+000, 2.4338254602560191e-001,
       1.3395554011237664e+001, 1.5822650996321175e-001,
       -3.1999353641896384e+000, -2.6203504340238520e-002,
       1.1273532513297429e+001, 1.2657491661955519e-001,
       1.9223540916320361e+000, -2.3305194557876940e+000,
       -7.7211367843347158e+000, 8.1317060485207493e-001,
       -9.1812929944624200e-001, 1.9862335922566263e+000,
       1.1066083677836698e+001, 2.0766752162071692e-001,
       8.1472468674317411e-001, 2.6288941974992794e+000,
       8.7594637487763691e+000, 2.5150138548623779e-001,
       1.9959350981036716e+000, -7.0583555993035696e-001,
       1.3469370411585237e+001, 1.1496762268741592e-001,
       -3.4741082716285887e-001, 2.1317498971837310e+000,
       1.0657906803371802e+001, 2.1688662836057282e-001,
       1.5594390955678743e+000, -2.7989826286544267e-001,
       1.3089880314502052e+001, 1.2899083424157853e-001,
       2.1567156180908058e+000, 1.4462967059291878e+000,
       1.3035191029326022e+001, 1.7715502357217097e-001,
       -3.5877136846856574e+000, 2.8268434491241251e-002,
       1.1550606750886342e+001, 8.0306824735174684e-002,
       -3.3914954494119329e+000, -3.4356150605883637e-002,
       1.1004289089184722e+001, 1.3972412649312960e-001,
       -5.1586004648296535e-001, 2.6298094754715677e+000,
       1.1071580438212196e+001, 2.5765094947363887e-001,
       -1.2873445598239996e+000, -1.8829463569423170e+000,
       1.1655052495483758e+001, 2.3748870667791994e-002,
       -3.4110950183427251e+000, 1.9631865344473949e+000,
       1.0868654821966206e+001, 1.7992944575742092e-001,
       -1.9484507796614453e-001, 2.4411876482680270e+000,
       1.0384711139978448e+001, 2.3987523763258084e-001,
       1.3899501305438700e+000, 1.5762970267399705e+000,
       1.2353631269046854e+001, 1.9201465441953150e-001,
       1.1330122130643936e+000, 2.1591215121989604e+000,
       1.0175218682030948e+001, 2.2264680463583364e-001,
       -2.1162850425625201e-001, 2.6963107015152024e+000,
       1.0795480777395632e+001, 2.5220084025576756e-001,
       1.0700222829107395e+000, -4.6915965904294304e-001,
       1.2795961199362111e+001, 1.1932231004195061e-001,
       -2.3646133803275071e+000, -1.8855023796501031e+000,
       1.2712822640974085e+001, 2.5906002046633549e-002,
       8.7097132629850837e-001, -2.3513775471968072e+000,
       1.4105593124968554e+001, 5.7861594126801794e-002,
       1.6302264083877662e+000, 3.8027258558684318e-001,
       1.2960255285453293e+001, 1.4379307866179730e-001,
       1.5121181639523826e+000, 1.6214101935002828e-001,
       1.2872072363142426e+001, 1.4129191559486359e-001,
       1.2281707415702936e+000, -3.2411156018274473e-001,
       1.3017954981049716e+001, 1.1665186867532916e-001,
       1.3271931129821333e+000, -3.9581391319379577e-001,
       1.3011783766532840e+001, 1.1825867413790257e-001,
       6.9738043817250328e-001, -2.2004872790152272e+000,
       1.3632610363288002e+001, 9.5034648921329068e-002,
       8.3627620760148236e-001, -1.6109137055307488e+000,
       1.3288145598592344e+001, 1.0151222753134574e-001,
       -4.8260793573737798e-001, -5.3594051851660351e-001,
       1.2158055192489979e+001, 9.3936530475322577e-002,
       -1.3473446531627644e+000, -1.7866052154419332e+000,
       1.2345675099618344e+001, 3.6561270125847332e-002,
       1.9481310326128378e+000, -6.8568109304189506e-001,
       1.3666689471840478e+001, 1.1358218966425376e-001,
       -1.0548554124449288e+000, -2.4918141184832669e+000,
       1.2867440917189107e+001, 3.0590631684580535e-002,
       -2.0009055025482385e+000, 1.7258752900757406e+000,
       1.0467014305707671e+001, 1.9169432406822176e-001,
       -2.0985982518307864e+000, -2.2010428635488006e+000,
       1.1093578973515466e+001, 1.3471288127778530e-002,
       -3.2696767939215254e+000, -8.2779561941014002e-001,
       1.1705177037773996e+001, 6.4540811248678609e-002,
       -1.2475192943512203e+000, -1.7037688138941915e+000,
       1.2472163495539970e+001, 3.7657132611087163e-002,
       -1.2269254449271028e+000, -2.1280576065935772e+000,
       1.3475095103676544e+001, 5.2049350318348162e-002,
       -3.0894509990542413e-001, 1.5176452210681535e+000,
       1.1682517522502614e+001, 1.7404632491428096e-001,
       -1.2074579450882501e+000, -1.9466044008716232e+000,
       1.1956833275904096e+001, 2.7515931109807577e-002,
       -1.5992870432654498e+000, -1.1635871567708578e+000,
       7.8535736822618816e+000, 5.6101424370964083e-002,
       -2.3223650307144093e+000, -1.6315807212374498e+000,
       1.2038727744450817e+001, 1.4197603142497923e-002,
       5.8199173564901119e-001, 2.6250978023777263e+000,
       8.8164292944396117e+000, 2.4227350938865974e-001,
       -3.2761360095286003e+000, -1.0281377882877081e+000,
       1.1585990227866057e+001, 5.8382204464461497e-002,
       1.3627728714389564e-001, 2.2328454927731105e+000,
       1.0404126216877959e+001, 2.3825980314333053e-001,
       -3.5320836438129395e+000, 1.7652136561356730e+000,
       9.4765381509887945e+000, 2.5257560081992253e-001,
       1.5656589436413932e+000, -2.6301415698685444e+000,
       1.5320610639698273e+001, 7.9709484670670877e-002,
       -3.5803989829195255e+000, 1.5017523946292011e-001,
       8.2679396012057111e+000, 7.3332315228156697e-002,
       -3.6559953591435330e+000, -2.2545997484124172e-001,
       8.6112091951152365e+000, 8.7601348306352786e-002,
       -3.5532578440524016e+000, 1.4222690447184605e+000,
       9.2058519565423609e+000, 2.2051814525231656e-001,
       -1.6767296162777283e+000, 6.1035628493162508e-001,
       1.0852048179256430e+001, 1.5277895638480829e-001,
       -1.9546658220520992e+000, -1.9276073003941232e+000,
       1.0325756932392743e+001, 1.1693069485161656e-002,
       8.1934366566675498e-001, 2.2660246822733390e+000,
       9.8868472986086964e+000, 2.3690079080528167e-001,
       -1.6859316036615555e+000, -6.1106903294437775e-001,
       1.1499874873890292e+001, 7.7744282331136019e-002,
       -2.7850270868840621e+000, -1.8520257087641778e+000,
       1.1733464585121247e+001, 1.8639794955546622e-002,
       -1.1124927225480863e+000, -2.5722781799788406e+000,
       1.2743050836129525e+001, 1.0765478884137297e-002,
       -2.0432411825108199e+000, -8.6147464442079014e-001,
       1.1297374387694795e+001, 7.2453762968867727e-002,
       2.2959517770317013e+000, 1.5311009447474386e+000,
       1.2672349829504359e+001, 2.0816821752503514e-001,
       -2.6764863646973902e+000, -1.9724912187526142e+000,
       1.2505543747226938e+001, 7.2394471345877329e-002,
       1.8058730282209350e+000, 1.6316899887804590e-002,
       1.2963795071148297e+001, 1.5722884494897732e-001,
       1.5008444077031631e+000, 1.1313567334315253e+000,
       1.2591766565078675e+001, 1.7219259387261671e-001,
       -1.5664031181516296e+000, -1.1407365111310734e+000,
       7.6917590219535628e+000, 5.7170038542189557e-002,
       -8.9717406372265529e-001, 1.2136672051220376e+000,
       1.1312256426105218e+001, 1.7478538726769008e-001,
       2.8838527643510603e+000, 9.9729468467077753e-001,
       1.0154030283680395e+001, 1.5347932393882030e-001,
       -1.5727908228558776e+000, -1.3387319694885629e+000,
       8.4797386150750178e+000, 5.0863138761415523e-002,
       1.4642568441889743e+000, 2.0676997541348046e+000,
       9.7670956608631485e+000, 2.1601921267442389e-001,
       1.5799206400169088e+000, 1.7830475902807807e+000,
       6.8184790438377725e+000, 1.7212929265991916e-001,
       -2.8817997647979876e+000, 1.6278810785160958e+000,
       1.0438406079504595e+001, 1.8529569160587492e-001,
       -7.0302313785719017e-001, 2.4168821864054513e+000,
       9.9576382292263723e+000, 2.1304235936320218e-001,
       -5.9389065740364222e-001, 2.4992000972945911e+000,
       9.8938725825439207e+000, 2.4986412205574149e-001,
       2.2057324990176168e+000, -1.4830433612098737e-001,
       1.3284794500713122e+001, 1.4365002610895561e-001,
       5.2345275001799774e-001, 2.3267192354705366e+000,
       1.0316733971979556e+001, 2.1648042921722246e-001,
       5.2067378074840506e-002, -2.3272299018493721e+000,
       1.3200990235869920e+001, 5.9692857164474235e-002,
       -1.1478685080791258e+000, -1.4727694142721468e+000,
       1.1985787782546893e+001, 5.8988654084631595e-002,
       1.4005605416841187e+000, 1.0978317049975472e+000,
       1.2570471154383704e+001, 1.7242976939298771e-001,
       -2.8308152079268933e-001, -2.1088332358495605e+000,
       1.2874392116662424e+001, 5.8750039246093372e-002,
       3.3331578506097528e+000, 1.6657444049922832e+000,
       1.0899974966265141e+001, 1.9543227297573490e-001,
       2.5780094496568902e+000, 4.9640229581234857e-001,
       1.3252994906124655e+001, 1.0088684409298102e-001,
       1.4201409374391707e+000, 2.3071812041556670e+000,
       9.4652380769025957e+000, 2.2052280785473138e-001,
       -2.9899942133082629e+000, 2.2553896090673571e+000,
       1.0585599924445226e+001, 2.1444520448282123e-001,
       -2.1452057578339684e-001, 2.8382627984213311e+000,
       1.1259551966680899e+001, 2.1212236351006897e-001,
       1.3849280844167597e+000, -1.3473887010045354e-001,
       1.2941938615987800e+001, 1.1979284995508323e-001,
       2.3637591790043628e+000, 1.3824682638088985e+000,
       7.6754380284802401e+000, 1.7526051682099028e-001,
       8.6516812682622046e-001, 2.6445762527145233e-001,
       1.2730137868238183e+001, 9.8203755520989172e-002,
       -1.3019801813370724e+000, -1.4836602577596802e+000,
       1.0147463755298123e+001, 1.9040653184047410e-002,
       1.3176308704802353e+000, 2.3255997202992811e+000,
       9.6728315967347633e+000, 2.2568048086478987e-001,
       -5.5345951307688090e-001, 2.4738543304649379e+000,
       9.8108808402727821e+000, 2.4273520106201957e-001,
       1.0991599040971098e+000, 2.5682210226660285e+000,
       9.2102215407840546e+000, 2.4558862826979028e-001,
       2.2764223552207672e+000, -1.0654418317384278e+000,
       1.3367257199605707e+001, 1.1397237171394628e-001,
       3.8970671131178998e+000, 1.8256784807227733e+000,
       1.1061090501931037e+001, 1.4279125496191530e-001,
       -3.6480965428805066e+000, -2.3733310889303486e-002,
       9.5169345828520058e+000, 1.7591443249818878e-001,
       -2.9234098190346147e+000, 6.5262772920548651e-001,
       1.0380501297888461e+001, 1.3343965002082830e-001,
       -3.0183672620773914e+000, 2.8192295199420059e+000,
       1.0395363796063545e+001, 2.9379429194980239e-001,
       1.4052601187493887e+000, 2.4852929021263872e+000,
       9.0417857744447740e+000, 2.3762816696978140e-001,
       8.7342035359716297e-001, 1.1697385209308564e+000,
       1.2373068098594269e+001, 1.9279470594945597e-001,
       -9.5170852304256082e-001, 7.0228054372611559e-001,
       3.0915186690728174e+000, 5.4586423323412132e-002,
       1.7560277906889312e+000, 1.3130439254104923e-001,
       1.3151093051439755e+001, 1.0079788982375154e-001,
       -3.4214078587804240e+000, -1.0086796499022963e+000,
       1.1428602029173975e+001, 5.5737865448763337e-002,
       2.8238522568282862e+000, 1.0296887635492911e+000,
       9.6368367308232017e+000, 1.7697347565676005e-001,
       1.6038929508605104e+000, -2.0165748659533280e+000,
       1.4041594938770450e+001, 1.0117182637159799e-001,
       -2.4235356531009691e+000, -1.1748722622173455e+000,
       1.1473981623564491e+001, 5.3021199172431414e-002,
       -1.5203159955678240e+000, -2.0194103738532072e+000,
       1.2260508462599955e+001, 2.9432575836854404e-002,
       -1.3566916227034729e+000, -1.5465168008375210e+000,
       1.0573807814908733e+001, 2.0870553089229218e-002,
       -1.8021573690727941e+000, -4.1781364081659444e-001,
       1.1295318118753698e+001, 8.8435786326605689e-002,
       4.3661174951913140e-001, -2.0682917520079895e+000,
       1.3542152668316769e+001, 5.6322096920238360e-002,
       -3.9404931090533921e+000, 1.6711235038525381e+000,
       9.4538025526577165e+000, 1.8912419053603985e-001,
       -1.6491296251812733e+000, -1.5997901418510665e-002,
       1.1377051532806178e+001, 1.0593280695952412e-001,
       -3.5605087171960870e+000, 1.7928994995782839e+000,
       9.5633293824881402e+000, 2.3157347284121846e-001,
       3.3467348291211132e+000, 1.6560978241542974e+000,
       1.0940315275472688e+001, 1.8280585408306305e-001,
       -3.6686490463388139e+000, -5.2636019509636345e-001,
       8.5037116747226698e+000, 2.1570759111607041e-002,
       -6.3566532478973714e-001, -4.7922823712352769e-001,
       1.1863922034337776e+001, 8.9523683296418174e-002,
       -2.1468274220964219e+000, -8.3780070354028680e-001,
       1.1343707480759875e+001, 5.2912170648993020e-002,
       -2.8763359015883125e+000, -9.4117456508844444e-001,
       1.1075192374302107e+001, 4.4026658804875399e-002,
       5.7900552364482216e-001, 2.5931664649742507e+000,
       1.0346775254596118e+001, 1.9513524037201391e-001,
       -2.7649526194508462e+000, -1.0971307780967683e+000,
       1.0808049745191031e+001, 6.1915224962132712e-002,
       5.7336494743276090e-001, 2.6877245240042766e+000,
       8.8045287264888579e+000, 2.6703417326610190e-001,
       5.5602442827164651e-002, 2.3358649504016711e+000,
       1.0406366630742237e+001, 2.4592079971719880e-001,
       -2.9751568996989231e+000, -2.0973286363660630e+000,
       1.3083666451651329e+001, 1.6171840589084555e-002,
       -3.8517094187844958e-001, -2.3979200401193390e+000,
       1.3383286630056237e+001, 4.4869680824673797e-002,
       1.0375899809052451e+000, -6.7860186083409213e-001,
       1.3139223159391729e+001, 7.5307407405046101e-002,
       -7.9963330260626941e-001, 2.1543442318571451e+000,
       1.1030249733101691e+001, 2.1073103734445689e-001,
       -8.1881137709520568e-001, 2.2050491535423236e+000,
       1.1287938061169026e+001, 2.1496171670884687e-001,
       -1.7644701871795245e+000, -7.1369111249865502e-002,
       1.1251868845962802e+001, 1.1173031969522743e-001,
       -1.3190849237335867e+000, -4.5250795531264998e-001,
       1.1682486045091204e+001, 8.3084760293560198e-002,
       1.2931095360455969e+000, 2.2318154425947361e+000,
       9.8703331119366240e+000, 2.3129240376350013e-001,
       3.3564606164612862e+000, 1.6008306716398262e+000,
       1.7497456460905916e+001, 3.3724435558170807e-001,
       -2.8512870806572876e+000, -1.0544889304555269e+000,
       1.1104116288534396e+001, 5.1967728183848275e-002,
       9.1360246526290934e-001, 1.2663399113032299e+000,
       1.2455176078491824e+001, 1.5688836235322848e-001,
       -4.1506399493199386e-001, -8.4282850283269450e-001,
       1.2256260730188282e+001, 8.8482605086821514e-002,
       -9.1025372816974692e-001, 1.8214901776041588e+000,
       1.1263756951906409e+001, 1.9937432197366514e-001,
       1.1187202003496031e+000, -2.7259223568480291e+000,
       1.3980605088300596e+001, 4.4431672762436605e-002,
       -2.7060419019786410e+000, -1.5019654301295065e+000,
       1.0137876048212780e+001, 9.1576328981988794e-002,
       -1.4743844133887651e+000, 1.1739333158387825e-001,
       1.1370253126696516e+001, 1.3663794611296740e-001,
       -3.6170720800623424e+000, -7.5192281317859933e-001,
       1.1199415186367677e+001, 1.2037302040491085e-001,
       1.3951547322037776e+000, 2.6309973569265450e+000,
       8.9793214964920232e+000, 2.2631559365813381e-001,
       -2.1582084291301449e+000, -4.5396858936315376e-001,
       1.1192879029420595e+001, 8.6252810792422752e-002,
       3.0937818053905075e+000, 1.7894032810801943e+000,
       1.0636701002707715e+001, 2.2703264862752653e-001,
       -1.8979338986433332e+000, -3.2941460560474523e-001,
       1.1429489031416622e+001, 6.2811999857211337e-002,
       -1.6493573665012635e+000, -4.6545284971416434e-001,
       1.1178063625663796e+001, 7.8333307780486222e-002,
       7.6946883129161292e-001, 2.6650846186127413e+000,
       8.8045076975498020e+000, 2.4314361628674033e-001,
       2.1475308912980560e+000, -1.3352517549528244e+000,
       1.3405223616665952e+001, 1.0372555490110685e-001,
       -3.7621984478374779e+000, -6.6551987100900512e-001,
       9.9799979392235425e+000, 6.4691801247257943e-002,
       -9.1223586835358283e-001, -2.4092552878222575e+000,
       1.3415238986956769e+001, 7.1422092371635909e-002,
       -3.8111077658643953e+000, 2.1731346057706045e+000,
       9.2824090195926239e+000, 2.1747406175171893e-001,
       2.2964701538380679e+000, 1.4795507528013214e+000,
       8.0421441741551334e+000, 1.7566574292742540e-001,
       2.3638749016186671e-002, -1.0502888814821003e+000,
       1.2636631906838861e+001, 9.2752825745825510e-002,
       1.2591535404089873e+000, 4.3939485256286381e-001,
       1.2789608719447667e+001, 1.4594492860669891e-001,
       -9.5975467104069301e-001, 7.8335725676359802e-001,
       3.1034356842178945e+000, 7.3987949312416368e-002,
       -9.6335379103855268e-001, -4.7200327795577746e-001,
       1.1563619338020201e+001, 9.7942166835980685e-002,
       -3.7776461777844489e-001, 1.8876286256781722e+000,
       1.1408765864784112e+001, 1.9167277220871803e-001,
       -3.5240335961290823e+000, 5.3241188305711362e-001,
       8.1166093953060905e+000, 1.2681209628266282e-001,
       8.7535393964636810e-001, 5.2028519518192740e-001,
       1.2533991788479499e+001, 1.4767361488878766e-001,
       -4.6880052472636199e-002, 2.4349774358408758e+000,
       1.0491466341897492e+001, 2.3366965676872187e-001,
       1.0227487814004435e+000, 2.2565893666399828e+000,
       1.0138372562147243e+001, 2.2137923048403615e-001,
       1.0470906811651051e+000, 7.3610854301672335e-001,
       1.2456067621526064e+001, 1.5594379410305995e-001,
       1.1492194756342964e+000, 1.1695340135471084e+000,
       1.2357977593905307e+001, 1.7433906411625252e-001,
       1.9073697139652059e+000, 2.0424895969069139e+000,
       8.9722684325765591e+000, 2.0204394236226103e-001,
       -7.7235221873700877e-001, 2.5215115489345337e+000,
       9.5973732084664221e+000, 2.0044454337605014e-001,
       -1.6248440210817161e+000, 5.0201409245698358e-001,
       1.1207506634762499e+001, 1.3902012902478095e-001,
       3.2671817790154289e-001, 1.1719903636459539e+000,
       1.1695964588109826e+001, 1.7152817603586756e-001,
       3.9263699365697331e+000, 1.7234136844184134e+000,
       1.1289603147394665e+001, 1.5311357153611110e-001,
       -1.0012739806832052e+000, 2.1277714240545871e+000,
       1.0870949897388030e+001, 2.0469266027590879e-001,
       -3.2922397966319839e+000, -7.2916332330482847e-001,
       1.1579186725277308e+001, 6.3385330688703043e-002,
       3.0325338961242738e+000, 1.9621833456191258e+000,
       1.0638330924927725e+001, 2.2286915456143067e-001,
       1.0380190568169503e+000, 5.3290514512490073e-001,
       1.2661596317146731e+001, 1.5926213640776635e-001,
       1.5386798733160334e-001, -1.7897616131975365e+000,
       1.2752457771673596e+001, 6.2711779538963647e-002,
       -2.7580261967108677e-001, 3.3521252243920496e-001,
       1.2088289351372051e+001, 7.8614402956707366e-002,
       1.0134661280921373e+000, 3.7495373119795811e-001,
       1.2707875135521995e+001, 1.4508690357769469e-001,
       -3.5450500121197694e+000, 3.9908501137661834e-001,
       8.3968867992980591e+000, 1.1942623468052052e-001,
       1.2591269134697951e+000, 1.7041936568228251e+000,
       1.1972209410382888e+001, 1.5882082482384335e-001,
       6.6432076400131201e-001, 1.8026890200037702e+000,
       1.0225064307580734e+001, 2.0259509320891919e-001,
       -2.2886074711197195e+000, -8.3457612451762342e-001,
       1.1285912088953534e+001, 6.4580290533782322e-002,
       5.1704937759674783e+000, 2.4563056646768389e+000,
       1.6040705901351437e+001, 2.2346436883532228e-001,
       1.0606808862949277e+000, -2.6321797114467067e+000,
       1.4004140092355790e+001, 3.2790599039627798e-002,
       1.5661624315168048e+000, -2.2133549187214346e-001,
       1.3009468533864229e+001, 1.2930392489615236e-001,
       1.6330438083840890e+000, 1.8609769849490609e+000,
       7.0331721516600947e+000, 1.3572708845438339e-001,
       -1.6151445342989288e+000, 7.2974904050779321e-001,
       1.1301431154437282e+001, 1.5456085876465406e-001,
       -2.0622690800091932e+000, 1.8407855122510806e+000,
       1.0294460837174569e+001, 1.9569981922251464e-001,
       -4.7335462329710987e-001, 1.8837860369585862e+000,
       1.1390903114083455e+001, 1.9441793411820829e-001,
       1.0057155335243819e+000, -6.8628209780206939e-001,
       1.2771913177778909e+001, 1.2652043413160902e-001,
       -3.8123046609185018e-001, -7.6891598854154053e-001,
       1.2159455684427652e+001, 8.7011932613402426e-002,
       -2.0554215884072082e+000, 1.8892100390255013e+000,
       1.0345571957815892e+001, 1.9823137535999374e-001,
       -6.7147249865782399e-001, 1.3851588081985498e+000,
       1.1512729558190784e+001, 1.7545517419769882e-001,
       6.3697183738620627e-002, 1.7558529993067267e+000,
       1.1380990433262667e+001, 1.8904175544047649e-001,
       -3.0544054250521180e-001, 2.2219793025876093e+000,
       8.8111861791605559e+000, 2.1504068266031931e-001,
       1.0885887762014246e+000, -2.6785125775546179e+000,
       1.4386210645519565e+001, 1.6441789914460204e-002,
       1.7683332971926717e+000, 2.1484959916901993e+000,
       8.8260568515298505e+000, 2.3182068257490568e-001,
       1.3930402524586047e+000, 2.2720106711183723e+000,
       9.7467475270196591e+000, 2.1699260620701286e-001,
       -3.7922219228966707e+000, 1.7274792476366043e+000,
       9.3273500935605753e+000, 1.9368267376166179e-001,
       3.2130587590672919e+000, 1.0259569527804193e+000,
       9.9767059158523388e+000, 9.6271909585293941e-002,
       -3.8893319676007105e+000, -7.5383994785894748e-001,
       1.1344388799782969e+001, 8.9100131827610285e-002,
       8.0012115800374173e-001, 2.8676341734582597e-002,
       1.2278175512091444e+001, 1.2751973542918171e-001,
       1.4397163183866644e+000, -6.7773298023982376e-001,
       1.2980397483418630e+001, 1.0375041839188261e-001,
       6.4747942927554436e-001, -3.3975059115602868e-001,
       1.2646823619135887e+001, 1.1288407202981204e-001,
       1.4384912728504289e+000, 5.5389648874755981e-001,
       1.2685144697152205e+001, 1.4400786213566055e-001,
       -4.4968182607611524e+000, -5.0657149587142991e-001,
       1.7504198765292642e+001, 2.5836831773766766e-001,
       -1.5139702923259186e+000, -7.8176823629126346e-001,
       1.1677954495400119e+001, 9.6271325634806421e-002,
       1.2739730834132321e+000, 2.4625346374075732e+000,
       9.4965398808742911e+000, 2.4411226758465288e-001,
       1.2595526463904008e+000, 2.5163142888106553e+000,
       9.0221573015317666e+000, 2.7249582170552539e-001,
       -3.5410868146326653e+000, 1.6431045228371349e-001,
       8.4509593488462578e+000, 1.5102765447657354e-001,
       -2.2459328625172234e-002, -2.4189526680502285e+000,
       1.3385602314445146e+001, 4.4139303741094010e-002,
       3.5222401073905119e-001, -1.0184686955659070e+000,
       1.2351542612660124e+001, 9.3692710881710439e-002,
       2.2318237086825885e+000, -9.4054549894517137e-001,
       1.3561753523942604e+001, 1.2283073223791520e-001,
       1.7980787964463600e+000, 1.2400765219063670e+000,
       1.3516149901967372e+001, 2.0608058020274184e-001,
       2.5465924398068918e-001, -5.5133230572488590e-001,
       1.2139349976527996e+001, 1.1069083928949838e-001,
       2.6436952343285425e+000, 1.6229860250041108e+000,
       1.2431980200687619e+001, 1.6776297684392230e-001,
       -9.0621971391340184e-001, 1.7959454323551816e+000,
       1.1186637951627798e+001, 1.8684199056231379e-001,
       1.0582232399812783e+000, 2.2918569032114520e+000,
       9.6243871634061406e+000, 2.4400962824410635e-001,
       -4.0482313955976357e-001, 1.7351922471631038e+000,
       1.1495570273218782e+001, 2.0972314163575081e-001,
       2.2275967628630204e+000, 7.5899612118262472e-001,
       1.4292014066641219e+001, 1.4411737266448896e-001,
       2.4292247957872783e+000, -8.4408652599784628e-001,
       1.3661523159946885e+001, 1.1346289821261515e-001,
       8.1894188802031898e-001, 1.6506840549164927e+000,
       1.0237624760598450e+001, 1.9885783341159899e-001,
       1.4105593899356657e+000, 2.6005361146264647e+000,
       8.5755667846444119e+000, 2.5376435965250427e-001,
       -1.3547449016978454e+000, 1.5273715169481914e+000,
       1.0884920281648100e+001, 1.9608465835529826e-001,
       -3.7173434580089140e+000, -4.3278507766117413e-003,
       9.7120891897458144e+000, 1.3913519776225644e-001,
       2.5580387603077570e-001, 1.6887391062562478e+000,
       1.1240168626389737e+001, 1.7841212407968010e-001,
       2.1015961366443956e+000, 1.7240296606894234e+000,
       8.0593564029642373e+000, 2.0675954520869824e-001,
       -7.9797314142717624e-001, 1.1328564255744475e+000,
       1.1535750799159224e+001, 1.7799353227741929e-001,
       -8.8685556379348585e-001, 1.3022852716531297e+000,
       1.1234633233664841e+001, 1.6685862230898491e-001,
       -4.2612276281683037e-001, 1.3181737896237480e+000,
       1.1767180236446755e+001, 1.4071613032178576e-001,
       1.7131834116335316e+000, 2.0494911144071022e+000,
       9.1303793289505357e+000, 2.2443463114308743e-001,
       4.2703016428181941e+000, 1.5994778222244976e+000,
       1.1262200094849272e+001, 1.2116718070273799e-001,
       -9.1111501516782134e-001, -9.9878064163972669e-001,
       1.2753030490567147e+001, 8.3328851237645815e-002,
       1.2655603091472916e+000, 2.5293547304119448e+000,
       9.0567818488814602e+000, 2.6691675046880420e-001,
       2.3751452123571872e+000, 1.3461887125772307e+000,
       9.4505429329732351e+000, 1.5575985856961244e-001,
       -1.3034100851470604e-001, -1.8858366191295888e+000,
       1.2505964154675436e+001, 5.3358009158004156e-002,
       1.6222178855045726e+000, 2.1844360300766477e+000,
       8.8283393902484146e+000, 2.3939915453488261e-001,
       1.3158523876169945e+000, 1.0564177714177840e+000,
       1.2674138487505562e+001, 1.7478173061426913e-001,
       1.8485411689050903e+000, 1.8793129906179817e+000,
       9.5955421538446402e+000, 2.0910882834765090e-001,
       1.6387874918761187e+000, 1.8675143537797019e+000,
       1.0195212630847006e+001, 2.0695235500678519e-001,
       -6.4797948160272650e-002, -1.9386586387364302e+000,
       1.2650053773123169e+001, 4.4380574867116128e-002,
       1.5112951907994951e+000, 2.3502310469322412e+000,
       9.0227151804284986e+000, 2.2517582906006234e-001,
       -1.8701889481248850e+000, -1.1531292730426828e+000,
       1.1448327378059204e+001, 5.0699671339743319e-002,
       1.1450499829893346e+000, 6.5737035679294042e-001,
       1.1807161417348999e+001, 1.5565675362495418e-001,
       2.9763618316612556e-001, 7.7334987795025523e-001,
       1.2845893954827091e+001, 2.3029000425556978e-001,
       1.7952587977281493e+000, 1.8773028609936888e+000,
       1.2380466995127168e+001, 1.6701260485048092e-001,
       6.4288721778083668e-001, 1.2836476705917774e+000,
       1.2166659109124957e+001, 1.7056277012745805e-001,
       4.9607196880926807e-001, -1.6943822328075957e+000,
       1.3467432004092679e+001, 6.0100497819702337e-002,
       -3.4522881387374071e-001, -1.7538468364687101e+000,
       1.3003613463924925e+001, 5.1482025308055346e-002,
       6.0590563955412158e-001, -1.3984463622374660e-001,
       1.2229766391753946e+001, 1.3668122672165622e-001,
       2.3908671062749933e+000, 1.3784613836533057e+000,
       7.4925039070963786e+000, 1.7410002525196941e-001,
       -1.1273153987670239e+000, -9.2019210189911538e-001,
       1.1669895463604941e+001, 7.4456860089793797e-002,
       2.4456711804476167e-001, -1.8950624717685610e-001,
       1.2675209148143605e+001, 1.0662479492203425e-001,
       4.0980390789224970e+000, 1.6669081616076284e+000,
       1.1306792944999300e+001, 1.2839532299665107e-001,
       1.9990755452039781e+000, 1.7552405740862176e+000,
       9.1344372557807922e+000, 2.0219277224228779e-001,
       2.4307656856357918e+000, -3.6152841131529390e-001,
       1.3828519719738303e+001, 1.3102597769352542e-001,
       2.2320545610553433e+000, 1.5491280691466907e+000,
       8.2585468152599582e+000, 1.8891803278018293e-001,
       -1.1109906687389361e+000, -9.5875251013754825e-001,
       7.1750371565968916e+000, 4.2351855364624678e-002,
       1.3110183069894754e+000, 2.3154806476528611e+000,
       9.6149367374381249e+000, 2.1688575031534246e-001,
       2.9363355066149830e+000, 1.8201849341582044e+000,
       1.0659891293332816e+001, 2.5473721397643945e-001,
       -1.1104657490406940e+000, 1.7846974927008783e+000,
       1.1208257243543247e+001, 1.7989579694932051e-001,
       2.4166564927174869e+000, -1.3187933309840472e+000,
       1.3719155396400902e+001, 1.3262865094166226e-001,
       1.1016681648726014e+000, 2.7212264453697310e+000,
       9.0949696269657068e+000, 2.4746663351091028e-001,
       -1.0919054255940712e+000, -8.3838967270841974e-002,
       1.1815930206778777e+001, 1.1192685783928959e-001,
       2.8446362129374538e+000, 1.9738710832749691e+000,
       1.0561044748958725e+001, 2.5654997468693003e-001,
       -4.1558664340157714e-001, 2.0060592112704825e+000,
       1.1278979724091538e+001, 1.9978383371167158e-001,
       1.3053192157455848e+000, 2.7790144420969054e+000,
       9.0853034095106597e+000, 2.5026024491303323e-001,
       -1.6711730987331097e+000, 9.2892555648712616e-001,
       1.0795202701105303e+001, 1.7039392363460734e-001,
       1.4838587276917292e+000, 2.5161711420770247e+000,
       8.8382274578211977e+000, 2.4873607522966432e-001,
       1.9293038713086048e+000, 1.8281092170330320e+000,
       8.9089807695275862e+000, 2.2870013791484278e-001,
       -2.4106602198100004e+000, 2.3667548185537211e+000,
       9.7854619914391847e+000, 2.2610892661237780e-001,
       1.7327040007115320e+000, 1.5231183055884885e+000,
       1.3323014262084083e+001, 1.9609963137430855e-001,
       2.4660004372025290e+000, -1.2454549491425046e-001,
       -8.4297682718810805e+000, 1.3347431719417330e-001,
       1.3552899191261185e+000, 2.5361161675636126e+000,
       8.9937233741714397e+000, 2.4813006724738906e-001,
       1.7150402506678999e+000, 1.8999337261488789e+000,
       9.6659518500929789e+000, 2.1109005101399400e-001,
       2.0758707861290493e+001, 1.4852222507047166e+001,
       -9.7107147004066064e+001, 7.9572152219252756e-001,
       2.4081668809410655e+000, 1.2746382446052729e+000,
       8.9741428225710784e+000, 1.8109369788562898e-001,
       1.5449307614648835e+000, 2.4340264696990181e+000,
       9.5314669862765342e+000, 1.9452881901826949e-001,
       1.0249125043775575e+000, 1.6610935286002682e+000,
       1.1916878713307144e+001, 1.9131052435663601e-001,
       -1.5510364341680511e+000, -8.0076485645240147e-001,
       1.1962920795190655e+001, 9.8463809473129257e-002,
       -4.9844228453174877e-001, -6.9058506055292390e-001,
       1.2199737996981741e+001, 9.3655760156191328e-002,
       -5.2461821103962092e-001, 1.3908186442608876e+000,
       1.1564662075851665e+001, 1.7307379069847126e-001,
       1.1070296467549707e+000, 2.2813870465562949e+000,
       1.0081461056537085e+001, 2.3254244749998312e-001,
       -2.6250456900911585e+000, -2.3215051631660696e-001,
       1.2313474927971377e+001, 2.0380195128467840e-001,
       -7.1009307575005942e-001, 1.7817070889502191e+000,
       1.1245248534046187e+001, 2.1559120405354920e-001,
       3.5822751699430544e+000, 1.6850541244833601e+000,
       1.1107583032097596e+001, 1.8577270938455459e-001,
       -3.5457807576816984e+000, -9.1335982362551615e-001,
       1.1676345022378985e+001, 5.8426360935688773e-002,
       -1.8931286712071445e+000, 2.1826621356372949e-001,
       1.0922681308788318e+001, 1.2387002906869432e-001,
       1.9493613702954211e+000, -1.6932331275815011e+000,
       1.4807795480661671e+001, 9.2478794669434067e-002,
       8.1460667762404060e-001, -1.4308845853490426e-001,
       1.2464631991864493e+001, 1.1526034606950010e-001,
       -3.0387029519429581e-001, 1.6340146589293620e+000,
       1.1587836031325404e+001, 1.8807660696280407e-001,
       -9.1532585964787883e-001, -2.8903513095515321e-001,
       1.1947794242789275e+001, 1.1256560327214898e-001,
       1.3995540256571122e+000, 2.4708415873625178e+000,
       9.0299433853851134e+000, 2.5915436979071610e-001,
       -4.9339873386577471e-001, -4.8166268902597387e-001,
       3.3005208979747955e+000, 5.6418426543631515e-003,
       4.8841490064865434e-001, -2.0472536330790487e+000,
       1.3561678321661933e+001, 2.2987877135526056e-002,
       2.4957752937219073e+000, 7.2563136785935556e-001,
       9.0710680667292287e+000, 1.7619728690350889e-001,
       -1.3545397659352290e+000, -4.7902728766363666e-002,
       1.1589629414051490e+001, 1.0998499659233489e-001,
       2.0026011703847062e+000, 1.8538034507156760e+000,
       8.8077015774758021e+000, 2.0766565897496381e-001,
       2.0585688086593796e+000, 1.7205311700353532e+000,
       9.4899305789914195e+000, 1.9987388034264264e-001,
       2.5289742510888606e+000, 1.2007044872250039e+000,
       9.6030702511065549e+000, 1.7791619978589743e-001,
       1.2297782155539445e+000, 2.4171237468634912e+000,
       9.7186910460623306e+000, 2.2267638300259468e-001,
       -1.6549240405399468e+000, 1.3541371757816432e+000,
       1.0877468019150509e+001, 1.8017376002670740e-001,
       8.2257535822302263e-001, -1.5909717307007865e-001,
       1.2623879214041139e+001, 1.4521621570439153e-001,
       2.2657869040514647e+000, 1.5873480137956748e+000,
       7.3778901055684516e+000, 1.4925544047369030e-001,
       -2.0858313406518056e+000, -1.4037881977414893e-001,
       1.0806277221982979e+001, 1.0112222644552400e-001,
       8.3463888106413031e-001, 3.0369996408305885e-002,
       1.2812731515528551e+001, 1.3219466769629909e-001,
       3.4398880431085854e+000, 1.8533462962294838e+000,
       1.0949662377872974e+001, 1.5171978221417071e-001,
       2.6986664109411301e-001, -2.3893912259156425e-001,
       1.2440284854736976e+001, 1.3536643389275960e-001,
       2.1041000223782813e+000, 1.5917176788685174e+000,
       9.1583671068815047e+000, 1.9212451150997997e-001,
       -2.6750834946972351e+000, 7.1974963004185100e-001,
       1.0575228139215815e+001, 1.3912768463284603e-001,
       -9.8681300258018312e-001, -2.2804489626732893e+000,
       1.2004252977587765e+001, 5.8638478605077766e-002,
       1.8756346323363551e+000, 2.0732037190638453e+000,
       9.0588647422977964e+000, 1.6737025083069909e-001,
       -1.5890661970679529e+000, 1.0781958559466744e+000,
       1.1030516350586481e+001, 1.6193878458915142e-001,
       1.4731146814507974e+000, 1.9761476476706963e+000,
       9.9787915223258530e+000, 1.9957940782431813e-001,
       -1.1489315684658910e+000, 2.0300778890808796e-001,
       1.1288457807291753e+001, 1.1887943309258042e-001,
       -3.8913380118770102e-001, 2.4405398891456409e+000,
       8.8376908080422698e+000, 2.3471633322659094e-001,
       1.5762379347888307e+000, 2.4811336343697912e+000,
       8.9485185140766408e+000, 2.2789231961146128e-001,
       1.0346356754436807e+000, 1.4029347931713194e+000,
       1.1932063212255697e+001, 1.9199156325100761e-001,
       2.0376858729549676e+000, 1.8181275455530559e+000,
       9.1984763828019567e+000, 2.1685567903791572e-001,
       1.0304161941884202e+000, -2.7441872107655261e+000,
       1.4369960970354494e+001, 9.4105829580168623e-002,
       1.7812431894428056e+000, 1.8553701452111904e+000,
       1.0192093123713992e+001, 2.0329005080475115e-001,
       -3.7356519579327379e+000, -3.8456213673622786e-001,
       8.8982505666495619e+000, 1.0885703104176694e-001,
       3.1896641515255808e-001, 1.7255924049353322e+000,
       1.1357581879299136e+001, 1.7083121376007535e-001,
       1.7042414546367484e+000, 1.6489505119129375e+000,
       6.7088349093157245e+000, 1.7216635202801586e-001,
       -2.5623034369524111e+000, -6.4717092031527712e-001,
       1.1582084476071568e+001, 1.3614551771308733e-001,
       3.5405350359264811e+000, 1.8391338326336446e+000,
       1.0889528926495556e+001, 1.7432743838899553e-001,
       -1.5939829147877466e-001, -1.1359756054770800e-001,
       1.1462613927002526e+001, 1.1517973079470521e-001,
       -2.0045001503970106e+000, 1.7422718445719163e+000,
       1.0669718457442116e+001, 1.7932755715479554e-001,
       4.1610128376317270e+000, 2.4261402531320786e+000,
       1.4323471746976658e+001, 2.7431189787302118e-001,
       -2.6729922510691493e+000, 1.4314137266921816e+000,
       1.0291540971813376e+001, 2.0138750841450176e-001,
       -2.7451081815507075e+000, 1.0899898651264464e+000,
       1.0733545875884317e+001, 1.0452603108862046e-001,
       -2.3795096079947733e+000, 1.8603860373080294e+000,
       1.0381602392840424e+001, 2.8558780674654388e-001,
       2.0954098380388197e+000, 1.6101312904439706e+000,
       1.0122304838297012e+001, 1.9641584310798005e-001,
       -1.4838431193313504e+000, 1.3527391118008958e-001,
       1.1461504613314013e+001, 1.0381806059791160e-001,
       -2.6869319680416526e-001, 2.4054155086317746e+000,
       8.9614452802769691e+000, 2.3650828068858379e-001,
       -3.7669216488463988e+000, -5.1726316271256545e-001,
       9.4129165232367953e+000, 1.1547045307811724e-001,
       -1.7810440498962468e+000, -2.0910183043868322e-001,
       1.1301974849682544e+001, 1.0102115901569664e-001,
       -4.4427622929803812e-001, 1.5732414841961673e+000,
       1.1638944622961803e+001, 2.1590933305360588e-001,
       3.7257892351843398e+000, 1.8005458182292502e+000,
       1.0937976754234503e+001, 1.5606546461376317e-001,
       4.6126804426316355e+000, 2.3019510930957932e+000,
       1.5087162947281536e+001, 2.1660019321241256e-001,
       -1.8742273575245068e+000, 1.6823429944594763e+000,
       1.0789562791445679e+001, 2.1619934706694760e-001,
       2.0960868728260715e+000, 1.7203930493724537e+000,
       7.7036293479118481e+000, 2.2039382192962007e-001,
       -6.7199015415242869e-001, -1.2332513627607726e+000,
       1.2055387300857603e+001, 5.9630126722836345e-002,
       -1.6153710246757702e+000, 2.2669086215007459e+000,
       1.0514338367210144e+001, 2.1141474014315445e-001,
       -2.1777966467834400e+000, 1.7099254519646516e+000,
       1.0400854600549199e+001, 1.9935087935319912e-001,
       3.0162994212461980e-001, 1.6322863072330192e+000,
       1.0871684005486802e+001, 2.0219350201888700e-001,
       2.2853861456300835e+000, 1.4408244739752085e+000,
       7.6304282683759155e+000, 1.9050664313969962e-001,
       4.0420604416493049e+000, 2.7666326111004160e+000,
       1.4316841085562636e+001, 3.0426605133524293e-001,
       -3.7231277963374581e+000, 1.6535467077447397e+000,
       9.3347371180743437e+000, 1.9177609282948876e-001,
       -3.4066986537004623e-001, 2.3484346460030050e+000,
       8.9274850670799140e+000, 2.2894997842716810e-001,
       -1.4429204122674832e-001, -5.2479557812160182e-001,
       1.2316878968589048e+001, 8.9950450828150688e-002,
       -2.7242551382782749e+000, 1.0702728905783130e+000,
       1.0648763798216342e+001, 1.2570533195989511e-001,
       9.4465882617614605e-001, 3.3251390531725074e+000,
       1.4722175373168499e+001, 4.5920527925416160e-001,
       6.3473663486211707e-001, -1.9892036189680726e+000,
       1.3311823216123351e+001, 5.5475530615562291e-002,
       2.0102047046657114e+000, 1.9258551018971686e+000,
       8.4454580483428572e+000, 2.1231863459756051e-001,
       2.6988392684894369e-001, 1.7516138762681526e+000,
       1.1622845780413126e+001, 1.5884105853856753e-001,
       1.5257793385627587e+000, 1.4731851532623885e-001,
       -6.0590053261239758e+000, 2.7230044661813179e-002 ]
