%YAML:1.0
current_middle_points: !!opencv-matrix
   rows: 680
   cols: 4
   dt: d
   data: [ 1.7191590983923856e+001, -1.3068682933931949e+001,
       4.4600762024117479e+001, 3.6754687933215979e-001,
       2.5812616780558928e+000, -8.8460709533519939e+000,
       5.2367031913713944e+001, 5.3262336276583189e-001,
       1.1981958747163674e+001, -8.3261446348578012e+000,
       4.1845499317791997e+001, 3.9871592424179458e-001,
       1.1560378413400995e+001, -8.2104399281170082e+000,
       4.7669024580737101e+001, 3.7887820560930779e-001,
       2.0217282378652328e+000, -9.7020447155052025e+000,
       5.8857321253001707e+001, 5.2650911768032072e-001,
       3.5682161485391450e+000, -8.9349158713811931e+000,
       5.5457200792660032e+001, 5.5687881777245019e-001,
       6.0083243876244934e+000, -8.2504680628403477e+000,
       5.2371983755052270e+001, 5.5106349863247506e-001,
       9.5789325545007387e+000, -8.0742911407656113e+000,
       4.0775403371198166e+001, 6.8964005630003233e-001,
       5.0826971793475542e+000, -6.0933840187269892e+000,
       5.0632277608066985e+001, 5.3722922271505813e-001,
       1.3974749360374257e+000, -8.7657999196876926e+000,
       5.6117708554897398e+001, 5.7271079893663568e-001,
       1.4412355736760702e+001, -1.1147654999437169e+001,
       4.1334113182679715e+001, 4.1186451904831978e-001,
       1.3077152543806520e+001, -8.3457172701026430e+000,
       4.8005600968870681e+001, 3.6945948396793643e-001,
       1.0419647318934320e+001, -6.6646200308079484e+000,
       5.0424288846035736e+001, 4.3730958083466315e-001,
       1.3638863554280512e+001, -8.3112587952886336e+000,
       4.5639953870677999e+001, 3.1698129255880442e-001,
       1.1058996759586480e+001, -1.3211001093913554e+001,
       4.5460361611711321e+001, 4.1977708401377745e-001,
       1.3399876842198463e+001, -1.3682062157380136e+001,
       4.5604783135727232e+001, 3.8639132458976277e-001,
       1.2312752164329751e+001, -1.3111768076015114e+001,
       4.5509221439209199e+001, 4.3306075997077281e-001,
       4.6482947242028754e+000, -7.4492968182851174e+000,
       5.4951133847572422e+001, 5.0919847142613228e-001,
       1.5168810590632017e+001, -1.5313734309600491e+001,
       5.0649639548133734e+001, 5.0260356444595666e-001,
       7.1862795163070956e+000, -8.1757103648511524e+000,
       6.0418097590969957e+001, 3.7662216221077599e-001,
       3.2714056181411570e+000, -4.0760716656754949e+000,
       5.4921436659172457e+001, 5.7666829043913359e-001,
       1.2832809406339830e+001, -7.3659207599821102e+000,
       4.5035375949527506e+001, 3.1837459941935026e-001,
       2.0249968255174031e+000, -9.6360157693382291e+000,
       5.6501189668750769e+001, 6.0198632181303002e-001,
       4.7273996051325149e+000, -6.8720710948038848e+000,
       5.6113951647889579e+001, 5.1036194562517234e-001,
       -2.3781084528063339e+000, 9.8622557439766467e+000,
       3.7695519752213201e+001, 2.3433514044692161e-001,
       -2.6738963195469920e+000, 8.3180683185586872e+000,
       3.9004004772342483e+001, 2.3896901677762461e-001,
       1.2684116806644052e+001, -1.1643773226673094e+001,
       4.7253456355054638e+001, 3.8305112580959688e-001,
       -6.5041411083173486e+000, 1.0386908253713930e+001,
       4.1081008345103399e+001, 2.7449885872515600e-001,
       8.3568239810012752e+000, -5.1727475041252529e+000,
       3.9666022668852619e+001, 6.6218851515127197e-001,
       1.4000372937309002e+001, -8.4172761404387977e+000,
       4.3786936364307479e+001, 3.1670366540359940e-001,
       1.0360596820128517e+001, -6.1027452871794274e+000,
       3.2163594247348250e+001, 4.4793855751824824e-001,
       1.7418548901517234e+001, -1.0789993467942370e+001,
       4.7359501571188268e+001, 2.7139504870838127e-001,
       1.7346688461371116e+001, -1.0889210852985144e+001,
       4.9190875307367094e+001, 2.5608143336573236e-001,
       4.7644750490999437e+000, -1.0145434542039553e+001,
       5.9335946806932810e+001, 5.0831974154669846e-001,
       -9.3059020712880987e+000, 1.2887577158739342e+001,
       4.5881904856298462e+001, 2.7355985263983823e-001,
       9.8212301656327607e+000, -5.1247289426118261e+000,
       4.5717708596030874e+001, 5.0198964943352287e-001,
       1.6741657552409865e+001, -9.0270793179733140e+000,
       4.7662853066701189e+001, 2.8152159769579688e-001,
       -5.2846809325599309e-001, 1.0708492573695231e+001,
       3.7119822970825780e+001, 1.7459270577648678e-001,
       6.6858650655590790e-001, -5.6825025307473549e+000,
       5.2444548534060928e+001, 3.7514029159151574e-001,
       -1.1177326714254227e-001, 8.8466355970960411e+000,
       3.6784433195972781e+001, 1.8065276943762881e-001,
       -8.4452700551129611e-001, 9.4760799842386656e-001,
       -7.9628359347712543e+000, 5.4950686218431050e-002,
       6.8112223823098272e+000, -8.0263358345913165e+000,
       6.3495677401273994e+001, 1.7234316661947743e-001,
       1.3403809182926564e+001, -8.1454228098990704e+000,
       5.1439599164155311e+001, 1.4094854173731036e-001,
       -1.3727386904940584e+000, -6.4224921903413046e-001,
       -5.1371874999663074e+000, 9.1517854592355030e-001,
       1.4068995938639176e+001, -9.2742251182413966e+000,
       4.4328100775290295e+001, 3.5462287681330695e-001,
       1.1213317713288149e+000, -9.4635336966835624e+000,
       5.5788328318545076e+001, 5.5187608291124723e-001,
       -5.4223413487583478e+000, 9.2045784937554398e-001,
       4.2598864093932505e+001, 2.8350219463581183e-001,
       -5.9016821501186172e+000, 1.3393139530045131e-001,
       4.2431873452233830e+001, 2.9189534317118576e-001,
       1.5226951407705013e+001, -1.1813504014494359e+001,
       5.1753369252763363e+001, 2.4900705902439246e-001,
       -5.5909396122108550e+000, 1.0302336009220113e+001,
       3.8858258093178449e+001, 2.0373645379228517e-001,
       8.5868710960039927e+000, -1.3580748690843659e+001,
       7.0094812277349462e+001, 5.5211216308799871e-001,
       -1.1868207544230177e+001, -8.4589165719635364e+000,
       -3.4140682461837656e+001, 8.3627611428331339e-001,
       -1.7769397885740702e+001, -3.5271485406420766e-001,
       -4.2320247798191012e+001, 7.8261780084920263e-001,
       1.1779260156192088e+001, -1.2350995353865688e+001,
       4.5796044560230200e+001, 4.1041841720464883e-001,
       1.2009124058257719e+001, -9.0431292673825681e+000,
       4.3771282348495347e+001, 3.6607849688090266e-001,
       -1.5305119614842821e+000, 1.0189208736889176e+001,
       3.6896202633649274e+001, 2.1754519983220166e-001,
       7.7898951198345143e+000, -7.0743933455153618e+000,
       6.2557162971851135e+001, 3.5373901738147379e-001,
       -3.9397598585434213e+000, -3.2209980887115965e+000,
       -1.2116569470392839e+001, 9.1624564643935480e-001,
       -1.5484251833275380e+000, -1.6090006705745417e+000,
       -5.3582708529376148e+000, 9.2118444293513713e-001,
       1.2551183097896534e+001, -6.3389267425116476e+000,
       4.0293359590883853e+001, 3.8924148732861463e-001,
       -7.0418964403694453e+000, -9.7070978210830425e+000,
       4.1409415470839399e+001, 2.9917655252357384e-001,
       -5.3426697789638702e+000, 1.0751957813330435e+001,
       4.0933493572235477e+001, 2.0774665091306782e-001,
       9.6601293332126819e+000, -1.0925609698739638e+001,
       7.4480702681317041e+001, 1.6623323322562364e-001,
       5.1656329810960511e+000, -1.0542172840228186e+001,
       6.9553334057939367e+001, 4.1450210267768334e-001,
       -1.4121182658940818e+001, 7.8671568685183919e+000,
       4.6567314728692295e+001, 3.3206140897905906e-001,
       -2.1451255224749026e+000, 1.0453226733761039e+001,
       3.8331692285230929e+001, 2.3394893200463515e-001,
       -8.6250412179980920e+000, -2.0792691527383700e+000,
       -2.5504443504883117e+001, 8.7912056132789240e-001,
       1.8110643283145365e+001, -1.0928359794156975e+001,
       5.2577512394331691e+001, 2.9440325934468170e-001,
       5.0327396312577708e+000, -1.3014421521042056e+001,
       5.0823327548512907e+001, 6.2392633559327471e-001,
       -1.5635228985149347e+001, -1.1282987669484331e+001,
       4.6610464794452469e+001, 6.9691725092346424e-001,
       1.0042887104807065e+001, -5.4906032493009347e+000,
       5.1093028279741631e+001, 3.9844348074938962e-001,
       1.4676011257042408e+001, -1.0455665309126333e+001,
       3.9605745436212985e+001, 4.0243625764584923e-001,
       -2.9719962036633878e+000, 9.0576373535306622e+000,
       3.7950577377220057e+001, 2.2739573480751982e-001,
       -3.5634710274205581e+000, 5.6254326507245871e+000,
       4.1314786612201672e+001, 1.9547331560598724e-001,
       -7.3107603890856714e+000, 1.2212308062300494e+001,
       4.1893133454168357e+001, 2.2369883684454850e-001,
       9.8357133383335125e+000, -1.1409798960945881e+001,
       5.6456824438325910e+001, 7.0947619496264880e-001,
       1.4768328619558783e+001, -5.2018678583331646e+000,
       4.5957497363301883e+001, 2.5823218181798907e-001,
       1.5431547218198478e+001, -6.1102820746134876e+000,
       5.1695146292177299e+001, 2.6661940923623517e-001,
       1.0093743629992449e+001, -5.9412274684745316e+000,
       5.0597471252490770e+001, 3.9955613548557317e-001,
       -1.1936828362364700e+001, 6.0220289130914990e+000,
       4.9800286245179386e+001, 3.5327717104316209e-001,
       9.2967094662332084e+000, -8.8835539333054676e+000,
       4.2534940375922162e+001, 4.0781552328900361e-001,
       -1.2443330436989326e+001, 9.2324494405147988e+000,
       3.9642152474681410e+001, 2.3590985491993657e-001,
       1.3045866981861158e+001, -1.4367269332509226e+001,
       4.6555896666584339e+001, 4.2458599871064306e-001,
       1.1700294160657620e+001, -7.0889959266281632e+000,
       3.6584472216280872e+001, 3.7749542933963731e-001,
       -4.4762302689754918e+000, 5.1081207015196757e+000,
       3.8833372912100884e+001, 3.0439285680785438e-001,
       1.1021989852499264e+001, -6.7296012911689527e+000,
       4.2166266459627835e+001, 4.8031822944006036e-001,
       1.3681829846268627e+001, -8.5073618952126253e+000,
       4.3900683809812193e+001, 3.5969441393964924e-001,
       1.2249400686888944e+001, -1.3699838517824173e+001,
       4.6683491861402459e+001, 3.8630807605087802e-001,
       -3.3710293847701855e+000, 9.6570127320944970e+000,
       3.9313954227230724e+001, 1.9564800517346323e-001,
       -4.1231290777512761e+000, 4.0047414652608371e+000,
       3.9248633238610495e+001, 3.1033090612255398e-001,
       -2.0304212746490265e+001, -1.1077518124623868e+001,
       -5.7677783397492135e+001, 7.6098708919760971e-001,
       8.4193931203944636e+000, -4.7151600132633487e+000,
       5.4517174109073935e+001, 4.9061435874737608e-001,
       1.0794930650402701e+001, -6.7189507523901124e+000,
       5.5064069726548674e+001, 2.9376698105227061e-001,
       -1.2175556347073851e+001, 6.3903072965319820e+000,
       4.9180124212552528e+001, 3.6635732871871207e-001,
       1.5446444551822342e+001, -1.1284302268486165e+001,
       4.3152344094227487e+001, 3.3761805126446726e-001,
       1.2419085012135888e+001, -6.3684617775951153e+000,
       4.2469063746656730e+001, 3.7711733061288211e-001,
       1.2274129714143761e+001, -1.0262703449978055e+001,
       4.7599798962932645e+001, 2.8071490204491029e-001,
       -9.0851475948910831e+000, -1.3313560864814100e+001,
       4.1658116449377275e+001, 4.5351839013596873e-001,
       -8.3262298227241460e-001, 9.4888195428923661e-001,
       -7.8519699835934524e+000, 2.5479614109902175e-002,
       1.5700512528587939e+001, -1.5412349938489243e+001,
       4.9283101053577269e+001, 4.5161218120237673e-001,
       9.5600772434810882e-002, 1.0593588743163707e+001,
       3.8977019377537651e+001, 1.6706543558531800e-001,
       -7.5711591959471862e+000, 1.0993300050706036e+001,
       4.5701096533522858e+001, 2.7564225512786283e-001,
       -1.2680886303102426e+001, 7.0023560258546862e+000,
       4.3565202062311464e+001, 3.6137386370907920e-001,
       -7.2541285576008647e+000, -8.9031414093547774e+000,
       4.1772948767434343e+001, 5.4608238709466705e-001,
       -2.3970994207333529e+000, -1.1349613023773205e+001,
       3.8563887857523753e+001, 3.2887833830825891e-001,
       -4.0585055585075676e+000, -3.9573950790864112e+000,
       -1.2385846246226333e+001, 9.1499269839257102e-001,
       -1.3400563976279631e+001, 9.6658008443073946e+000,
       4.0462341155998942e+001, 2.7947840774026306e-001,
       -3.4917060815419925e+000, 9.7186301174960086e+000,
       3.8025087098218222e+001, 1.4857142888032954e-001,
       -1.7834733729755818e+001, -3.4077960065560271e+000,
       -4.6589231329843280e+001, 7.2921706498786532e-001,
       -1.1254875618870733e+001, -3.9895600503793149e+000,
       -3.1800136938087206e+001, 8.7078925215664382e-001,
       -7.4312556250704480e+000, 9.8179960754741202e+000,
       4.3607651109773741e+001, 3.5549654064040170e-001,
       3.2197471815528118e+000, -2.9158840030057576e+000,
       2.3776114326973669e+001, 2.1216420039018130e-001,
       -1.5047265975762620e+001, -1.1427169770785207e+001,
       4.5222347820604199e+001, 7.1797534476228053e-001,
       -5.4119277283425760e+000, 5.8518912345943530e+000,
       3.9137794039131116e+001, 4.0768558728656645e-001,
       1.1795333302148091e+001, -8.7401263642219078e+000,
       4.5439730420503658e+001, 2.2088739017920633e-001,
       -4.2932682595203375e-001, 3.1370776070738513e+000,
       -1.9972832658374653e+001, 1.1978632864659963e-001,
       -1.4161216812881079e+001, 6.2639647843649247e+000,
       4.6815354095341220e+001, 3.5877151963293147e-001,
       -3.9925792863191618e+000, 5.0268873543496362e+000,
       3.9930385871496370e+001, 2.1363797818616703e-001,
       1.2954621763843875e+001, -1.0061042016626644e+001,
       4.7681389171552695e+001, 3.5892426249272719e-001,
       4.1011405136191232e+000, -1.1098803251646725e+001,
       5.1551527584143066e+001, 5.8875723826667281e-001,
       1.0002688845840007e+001, 1.1051474081464804e+001,
       3.9066075941388924e+001, 2.4056688144384353e-001,
       1.3784620528501925e+001, -1.1247453441791096e+001,
       4.7500833041869058e+001, 4.3112465772088487e-001,
       5.5442045551209169e+000, -7.7375577401435187e+000,
       5.4793090487027243e+001, 4.5564128075843974e-001,
       8.0322442639456462e+000, -5.3468815663863385e+000,
       3.0675405092220068e+001, 5.9919862936932089e-001,
       -1.6232528075508434e+001, 5.0357217425500558e+000,
       5.2833245934942774e+001, 5.7386701139477425e-001,
       1.3103939956613164e+001, -7.0413519038269232e+000,
       4.7264945353006155e+001, 2.8884420981186310e-001,
       -3.5987399120645369e+000, -6.6083461094415625e+000,
       5.5275793115687144e+001, 5.1424391364040556e-001,
       -3.8879397909934688e-001, 5.8430718796794139e+000,
       3.9305884523156067e+001, 1.5451330984077238e-001,
       -8.6185912430576761e-001, 1.0015150963433279e+000,
       -8.0523242617698116e+000, 5.3516579283657252e-002,
       -1.3698399397011245e+001, 5.6484023967865777e+000,
       4.8016466426462117e+001, 4.7303438453949997e-001,
       -1.9997918903817780e+000, 7.4283068046857430e+000,
       3.9628432058203053e+001, 1.9815821142016155e-001,
       -1.2202452408042125e+001, -1.3891983539986303e+000,
       -3.0826862115503339e+001, 8.2359869380106232e-001,
       -1.5065639955617241e-001, 5.7520276861239177e+000,
       3.8089842786763860e+001, 1.9072772143144398e-001,
       8.7944249729618100e+000, -5.8933445770240613e+000,
       3.3687231911045771e+001, 5.9049505982525674e-001,
       -1.2130511311403049e+001, 8.4147638610306963e+000,
       3.9070331514422577e+001, 2.3028556919630452e-001,
       -6.2978304532101026e-001, -4.9664222107955407e+000,
       3.0488917798837246e+001, 3.6002906887533792e-001,
       5.7143331185313100e+000, -3.0119080787669015e+000,
       2.6703549575103757e+001, 8.6754631136663307e-001,
       1.4963588783368984e+000, -1.3703941532369605e+001,
       8.0139360010041685e+001, 4.8174305662004807e-001,
       9.1929028742866041e+000, -5.7033130927892008e+000,
       4.5562211175047885e+001, 6.0358506573652271e-001,
       -8.7851138663323720e+000, 5.9244126547324329e+000,
       4.8811788610805039e+001, 3.6483862349416463e-001,
       -1.1138267760189882e+001, -9.9566046306235592e+000,
       -3.1751865537815554e+001, 8.8826813560929974e-001,
       -2.8007714536450523e+000, -1.0611111317384056e+001,
       3.7561106876644736e+001, 3.7549551071962423e-001,
       -2.5410865552549762e+000, 5.3926278403676475e+000,
       4.3179803859344105e+001, 1.5187557041820554e-001,
       -3.1936318187862898e+000, 7.3919076796233512e+000,
       3.9437417791306665e+001, 2.6857999153888035e-001,
       1.3758729153070270e+001, -1.0372440429201111e+001,
       4.1852807469815332e+001, 5.6933526857008987e-001,
       -9.3598429330654298e+000, 6.2251885592527669e+000,
       4.9408337458942313e+001, 3.5706683651767773e-001,
       -1.8107129974563676e+001, 6.9881771424450090e+000,
       4.9487636246215459e+001, 4.0853939429858976e-001,
       6.0338198981455662e+000, -1.3252826261359990e+001,
       6.7489863532857129e+001, 5.6010062338432254e-001,
       -1.7009673834177178e+001, -1.3644748381276579e+000,
       -4.0323896717965397e+001, 7.8207132478034280e-001,
       -2.8101537286996518e+001, -2.2393969290493438e+001,
       -7.8276392485098171e+001, 2.0215320722529165e-001,
       -1.7327684106999207e+001, 8.5111242261459914e+000,
       4.9308302949906022e+001, 3.8949262924511185e-001,
       -5.5697314746625892e+000, -8.3388579254251000e-002,
       3.6973321831263490e+001, 5.0831887416134602e-001,
       -8.6838681705473486e-001, -1.0014685187606494e+001,
       3.5405114756097234e+001, 4.6282339144236123e-001,
       9.7074089969724557e+000, -6.5699576549037477e+000,
       3.7390078434719669e+001, 5.4113173659234848e-001,
       1.3476120035220848e+001, -1.0415143171129561e+001,
       4.3125519034392489e+001, 3.9012305412109621e-001,
       -9.7977544785112549e+000, -9.2502362025607408e+000,
       -2.9605613491568828e+001, 8.7614623742997277e-001,
       1.5346318365577130e+001, -1.0892759594069883e+001,
       4.6563469321579490e+001, 3.1676590704151714e-001,
       3.6296219294002876e+000, -1.0584166930350733e+001,
       5.4408236205050741e+001, 5.4034907706437574e-001,
       -5.0581515359624998e+000, 1.0534794509532656e+001,
       3.7472900423733819e+001, 2.0210710648512906e-001,
       -2.4369718230562230e+000, -9.3648836622303318e+000,
       4.1128385943602488e+001, 4.0047040339682255e-001,
       -4.3016812561406486e+000, 8.7390406610589046e+000,
       4.0886445443715225e+001, 2.5160108241098394e-001,
       -1.6087398660172543e+001, 1.4236521941865771e+001,
       5.2615878165478591e+001, 3.4094546773501744e-001,
       5.8561067008684251e+000, -1.2526509744898942e+001,
       6.0032220354856420e+001, 5.1384460725039172e-001,
       -2.2478250011802383e+000, 1.1583841861273630e+001,
       3.7065169767728300e+001, 1.8160964764979576e-001,
       1.2340784916558363e+001, -5.8064110014751193e+000,
       6.4378391086081535e+001, 3.3644349707062721e-001,
       -1.1248801976072446e+001, 8.7948177187059180e+000,
       3.7101445328137771e+001, 2.8628617463902678e-001,
       9.5965326449297450e+000, 1.2924154548338279e+001,
       3.9554324597482058e+001, 2.2286251317900155e-001,
       1.1405268277167128e+001, 1.4177993917473908e+000,
       5.4591230200184071e+001, 3.1151419217471565e-001,
       -1.3316565747033142e+001, 8.7947542763828075e+000,
       4.0528657752254588e+001, 2.6862027878596872e-001,
       -3.6394782424774572e+000, 5.4896653979191772e+000,
       3.9993127656024143e+001, 2.1542917663353861e-001,
       -2.8801969121022104e+000, 7.3370271222249936e+000,
       3.9277386821317279e+001, 2.5951609521565944e-001,
       1.4119147033996775e+001, -5.7808695667428722e-001,
       5.9426597185048735e+001, 2.5388489762313138e-001,
       1.1649690702383854e+001, -1.1620395334694882e+001,
       3.8632600082476785e+001, 5.7728027557222017e-001,
       -4.0765444057752127e+000, 9.5191528286415377e+000,
       3.9306168252841076e+001, 1.9815327065137295e-001,
       2.0659336139079185e+000, 1.0540508896619851e+001,
       4.2810347168977145e+001, 2.4186860135998592e-001,
       -1.8363942437666342e+001, 7.7045584065945150e+000,
       4.8359816992889101e+001, 4.3797020427537942e-001,
       -2.4469768410404509e+000, -7.6942760703498756e+000,
       3.8964613768623138e+001, 3.4418017588194300e-001,
       -1.3064427943413200e+001, -3.4048543296282032e+000,
       -3.2028862263239205e+001, 8.3140894883981975e-001,
       2.3131390761842084e+001, -1.4911470743129255e+001,
       8.2537112454878397e+001, 1.6697298718046502e-001,
       9.0507817878623109e-002, -4.4857673476967985e+000,
       3.1010143106280545e+001, 4.9635662595662261e-001,
       1.0675769335217399e+001, -5.3262532812451049e+000,
       3.4128659484843752e+001, 4.4975889982420791e-001,
       -1.9336880170582475e+001, 3.4010659714940301e+000,
       5.3038763806172241e+001, 3.9231562004495352e-001,
       -3.9231790623919777e-001, 6.1312449473883754e+000,
       3.8612610031421283e+001, 2.5755018416555320e-001,
       6.3652772843429046e+000, 9.9938445828566067e+000,
       5.6043154068157335e+001, 5.4555848743189383e-001,
       7.7171628501952290e+000, -4.1956685591707430e+000,
       3.6959574438366701e+001, 8.2913358941846671e-001,
       -1.2738309743195163e+001, 1.2465326355897448e+001,
       5.0766640792637560e+001, 4.5737102894148490e-001,
       -1.6912543528279890e+001, 1.0041285231581101e-001,
       -3.9518644944301244e+001, 7.6095540337610590e-001,
       -1.2893609876312301e+001, 9.6813911169155542e+000,
       3.8518868766280875e+001, 2.2609700346578593e-001,
       1.7574082707124973e+001, -1.5083855437269415e+001,
       4.9354840458426573e+001, 3.8307858612104334e-001,
       5.8521611210894502e+000, 7.6603583617654785e+000,
       5.4658340743181824e+001, 5.0293495696696922e-001,
       -1.0192684523357570e+001, 9.4011895276258741e+000,
       4.3530332571186065e+001, 2.8464977388593993e-001,
       -1.8411349348425354e+001, -2.1230143975538360e+000,
       -4.3687477110143490e+001, 7.5508964010620461e-001,
       -1.6128073547040447e+001, 6.3924258815493715e+000,
       4.9174804879073541e+001, 4.0469258000576863e-001,
       -9.6569880326559012e+000, 1.2367788099763059e+001,
       4.6321123740863307e+001, 2.9453146705693239e-001,
       -1.5416231324643743e+001, 1.2403881811463624e+001,
       4.6113720053132866e+001, 2.2014194486213978e-001,
       -5.1642547151351359e-001, -1.0616685637706126e+001,
       3.5341175918881618e+001, 5.0480995155347363e-001,
       7.2426760268113348e+000, -5.6523065774245982e+000,
       5.7398357405280976e+001, 3.8278852645566913e-001,
       -6.0517959109534880e+000, -1.1251267348358619e+001,
       3.6394016810018158e+001, 2.8324652972339753e-001,
       3.4791260491461871e+000, 1.2393131510323368e+001,
       4.6688276466385915e+001, 3.1872952976251895e-001,
       1.3282221984231315e+001, -1.4543126071418925e+001,
       4.5864741314766647e+001, 3.0267263280395618e-001,
       -5.3236921754090867e+000, -1.7472042934776394e-001,
       4.2002020068467154e+001, 3.4658733425124982e-001,
       -8.8270631272800451e+000, 7.7447604893301865e+000,
       4.3385876167142314e+001, 2.4568936860444807e-001,
       1.1299597558385715e+001, -1.2463992181273756e+001,
       4.6569657083237402e+001, 4.4083008251231182e-001,
       -1.4579628131382346e+001, 9.4040001590029192e+000,
       4.2737185851564782e+001, 2.7246048516005666e-001,
       -6.6892385685732525e-001, 9.6495342279646579e+000,
       3.8411268455918275e+001, 9.8605856568019443e-002,
       -1.1683209015520152e+001, 7.5391447775351583e+000,
       4.1374354065617823e+001, 3.5899494171609003e-001,
       6.9288320119710818e+000, 6.4311343377444796e+000,
       5.7037356322092322e+001, 4.3804370139103210e-001,
       1.5716628096505607e+000, 9.1942323119726836e+000,
       3.6170421028281794e+001, 2.2446666740486113e-001,
       1.5931940019309621e-001, 1.1094779832718428e+001,
       3.6856636400229959e+001, 1.1372519566774250e-001,
       -3.4972027358238167e+000, 9.3115698208230082e+000,
       4.1290418868693344e+001, 2.4939945403319358e-001,
       -8.3668981047517466e-001, 4.5343459953185903e+000,
       3.8901472160761280e+001, 1.9457137888491263e-001,
       -4.2565376520827565e+000, -7.5936784562434561e+000,
       5.4558743340523762e+001, 5.6190284562554238e-001,
       -4.2595273211456028e+000, -2.5894299950362631e+000,
       -1.1982918468918109e+001, 9.0458715146243474e-001,
       -7.2314655971359691e+000, 7.5489127326247667e+000,
       4.0851288713455077e+001, 3.0083806380995148e-001,
       -2.3084262388107959e+000, 7.8994692456504474e+000,
       3.8821483557983015e+001, 2.7902482374108245e-001,
       -1.4656723376745476e-001, 1.1295081481388868e+001,
       3.5125770929579396e+001, 2.1359199067698234e-001,
       -7.2819392452719587e+000, -6.3084923706819209e+000,
       -2.2461753724313908e+001, 9.1617934878008844e-001,
       -6.8162638287559929e-001, -1.4655415698441246e+001,
       6.5678494181802066e+001, 1.6078175371213815e-001,
       -1.6601882822519890e+001, 8.1478905208079198e+000,
       4.2721943034554542e+001, 3.3091406100450976e-001,
       -4.5100358883040137e+000, -6.6246809607047545e+000,
       5.1374191218382911e+001, 6.2272091793906625e-001,
       -1.3520021167902076e+001, 7.5774367357824328e+000,
       4.8246948697549755e+001, 3.9482539653389137e-001,
       1.7062067623187701e+001, -1.7748411052284855e+001,
       7.6620578122321334e+001, 4.9856657618243005e-001,
       -1.7610310148984656e+001, -3.8630606916269747e+000,
       -4.8077105022853289e+001, 7.3188222024019112e-001,
       -1.2891686588817166e+001, 7.7919958462073566e+000,
       4.8388276000365877e+001, 4.0918958786941673e-001,
       -1.2317808474062760e+001, 7.5041754188285505e+000,
       4.5045674474808578e+001, 3.8029872030052086e-001,
       -3.4104669334041393e+000, 6.8543939850892599e+000,
       3.9230312981097200e+001, 2.3644102510464277e-001,
       -8.1925792961987867e+000, 5.5287158046839808e+000,
       4.8067622624742427e+001, 4.1329983589438363e-001,
       -1.1199648300773599e-001, 6.5795614087429017e+000,
       3.8572319960432807e+001, 2.0315901460637184e-001,
       -4.7620032560231396e+000, 7.7387185941738723e-001,
       4.1630492673591540e+001, 3.2101011517097117e-001,
       -1.4318702595278310e+001, 1.8866379758897139e-001,
       -3.5223454736367145e+001, 8.2431535944482925e-001,
       -4.6612787103574895e+000, 1.0337440987573668e+001,
       3.6560373880159659e+001, 1.4180204983814340e-001,
       6.6019621378023459e+000, -1.6831267630477605e+001,
       5.3983642578965132e+001, 6.0211804233657196e-001,
       -4.9379260041479274e+000, -1.0041438948269377e+001,
       3.3960968652768287e+001, 1.3722272586218393e-001,
       5.7359769567053105e+000, -1.6015536483808258e+001,
       5.0245574132775914e+001, 5.5313937917130851e-001,
       -1.0058250885093274e+001, 6.1198005399079420e+000,
       4.7470330647941296e+001, 3.1952114793950104e-001,
       7.9103881729728158e+000, -3.6450342494021908e+000,
       5.3081043054150896e+001, 4.0724301247545364e-001,
       -3.5418191003014750e+000, -8.5258099765239592e+000,
       4.8998723832307135e+001, 4.9201798042651546e-001,
       1.0959067518407007e+001, 2.7966793910337234e-001,
       4.6017139255310795e+001, 4.4915104715761361e-001,
       -1.1511489897437622e+001, 8.8806740267263038e+000,
       3.8984846598393034e+001, 2.0913837841029190e-001,
       1.1902196483697598e+000, -9.6090730330748357e+000,
       5.6685148953149351e+001, 6.3930991129375092e-001,
       -1.6849802370748364e+001, 7.7765370089507115e+000,
       4.9634905063869532e+001, 3.7077729676506771e-001,
       1.2186971932864775e+001, -1.3247516396156723e+001,
       4.3081633482402125e+001, 6.0952105372947096e-001,
       -3.4072323629655621e+000, 7.8619084515072863e+000,
       3.9758033940125358e+001, 2.2236012475283881e-001,
       1.5561821544527604e+001, -7.1153210030675274e+000,
       5.7707290975769396e+001, 1.3893522888237830e-001,
       5.1691978903249436e-001, -6.7148627269052508e+000,
       3.4004488212809790e+001, 4.6673595075473584e-001,
       -1.7047690179465626e+001, -1.2320125627620307e+001,
       4.9007672526141619e+001, 6.6106178175629970e-001,
       -4.0673389626176020e+000, 3.7142976008021078e+000,
       4.6446432684387048e+001, 3.6406261754369207e-001,
       -2.1778561581420894e+000, -7.9059255030467526e+000,
       4.3660883995271860e+001, 3.2942331703001382e-001,
       -7.1681718274798776e+000, -8.4167702970388341e+000,
       3.5983080526025773e+001, 6.1658208224994826e-001,
       -4.1546651532694288e+000, -2.0366762855280145e+000,
       -1.3158710214830478e+001, 9.1215513648349644e-001,
       -1.1964325612016726e+001, -2.0702717814778158e+000,
       -3.3490324268031003e+001, 8.3530598227824859e-001,
       1.3849691908836972e-001, -1.2496390172768468e+001,
       7.0259795387397631e+001, 4.7416981178824918e-001,
       1.2447368715548878e+001, -8.6118494310759957e+000,
       4.8451887592820491e+001, 3.8853636212592740e-001,
       -9.8011563608397392e+000, -5.8124006087736699e+000,
       -2.4228331097286400e+001, 8.6154970511834217e-001,
       -4.5579468796908813e+000, -4.3679201082269028e+000,
       -1.3796967636099513e+001, 9.2234360500709744e-001,
       -1.8924081803804504e+000, 1.1047763749901989e+001,
       3.7443373125795709e+001, 2.0977661640681722e-001,
       9.5550167273537774e+000, 6.4456439397052834e-001,
       4.8127449115046261e+001, 4.6349337426019588e-001,
       -1.2365234069774658e+001, 6.1516702005083950e+000,
       4.1678548793453189e+001, 3.3580474888998108e-001,
       -5.3566296351927720e+000, -1.1804155280440590e+001,
       4.6038009420419556e+001, 3.5040955831723841e-001,
       -4.3339898754854449e+000, 9.7186904760555244e+000,
       4.1919422636978261e+001, 2.3635590059721945e-001,
       -3.1922790562230985e-001, -5.2732876798486217e+000,
       3.3324908827804492e+001, 4.3938639745014640e-001,
       -1.0781816321119148e+001, 8.8666415581552975e+000,
       3.7721460603704443e+001, 2.4883462581408250e-001,
       -1.4814324153210819e+001, 7.3811692392401431e+000,
       4.5029099370997137e+001, 3.4985952726534730e-001,
       5.3696403941308688e+000, -8.3023460892414960e+000,
       5.5432428661869352e+001, 5.7775843733304733e-001,
       1.0629303373429133e+001, -5.3933420094576983e+000,
       4.5580618086508913e+001, 4.0010246068717104e-001,
       -3.0969899325141164e+000, 8.2778660626476057e+000,
       3.9122985659920104e+001, 2.5410547262624161e-001,
       7.4483562178061291e+000, -1.1490818476240452e+001,
       5.3237802908639765e+001, 6.1413809590771584e-001,
       -8.7781721951343634e+000, -1.2535671755359873e+001,
       4.3483783968326165e+001, 3.1719419723304892e-001,
       1.5078397865887185e+001, -5.4485401313377277e+000,
       5.3961861202295786e+001, 3.4869430664248613e-001,
       1.5411925975594421e+001, -1.1982745944913162e+001,
       4.2688800441599327e+001, 2.9177024754858177e-001,
       -1.5189653001821437e+001, 8.5634816340397588e+000,
       4.5724939797607895e+001, 4.0679244317704011e-001,
       2.2883338492012399e+001, 5.3070582496788274e+000,
       5.9443026401659267e+001, 5.3256751413338921e-001,
       8.3943985475043696e+000, -5.6980710354436415e+000,
       5.0578302764501828e+001, 5.2226432012689039e-001,
       1.0285529273719916e+001, -9.4629786234377811e+000,
       4.0916858795107302e+001, 3.9272204287076673e-001,
       2.9530253273501756e+000, 1.1398771386354809e+001,
       4.5830906880575583e+001, 3.7358552541391621e-001,
       -9.7939398574736849e+000, 7.6548121954675086e+000,
       3.7965934870917124e+001, 2.2975259292129810e-001,
       -9.5747902092720381e+000, 1.1748291825610245e+001,
       4.6309233654480465e+001, 3.0125438115495146e-001,
       -2.5252499771238357e+000, 9.4730123364295302e+000,
       4.0698992703274605e+001, 2.2424462733880132e-001,
       -4.1797446408377272e+000, -2.9613171841551269e+000,
       -1.3107035484024674e+001, 9.1211898728655294e-001,
       -6.5708696059108886e+000, 1.0258182306359327e+000,
       4.4811007324386757e+001, 3.8819224490993914e-001,
       -6.3580252527144685e+000, -3.5913356745226732e+000,
       4.1746328165606585e+001, 3.6537532548778862e-001,
       1.5543008741281660e+001, -1.2826604164732444e+001,
       4.4398318858940783e+001, 3.1360741038592410e-001,
       1.1995342629798884e+001, -1.2759271904563695e+001,
       4.8983352390600267e+001, 3.5026551159981534e-001,
       7.1008345203692205e+000, 4.1431084211927018e+000,
       1.8131121993823477e+001, 9.1512216866259133e-001,
       1.9469956537023080e+001, -1.3809944784486749e+001,
       5.5778200336188220e+001, 1.9718274753847659e-001,
       -3.6687990903819090e+000, -1.1359190047010181e+001,
       3.9549418866262755e+001, 4.0157841249153314e-001,
       1.2832730413323933e+001, -1.4328459421587311e+001,
       5.3221893807073528e+001, 2.8094557488476840e-001,
       1.2878504146038776e+000, -1.7905582683566330e+001,
       7.1257492677039295e+001, 7.0056423777206400e-001,
       1.5226103670372401e+001, -1.0277702255803295e+001,
       4.4250451091286813e+001, 3.2899430956385467e-001,
       1.4476512699122646e+001, -1.2236931049252206e+001,
       4.2681906857947226e+001, 4.1879343315681755e-001,
       9.6126938549314467e+000, -4.8048888163310650e+000,
       3.4688941595504538e+001, 6.5755592516821826e-001,
       -7.5400624387372273e-001, -4.7921864783080608e+000,
       3.7234472168322895e+001, 1.8531184882912055e-001,
       -1.4957391864672987e+001, -1.3158992257764027e+001,
       -4.1959445994702577e+001, 7.9314493665286778e-001,
       4.4378621505414628e+000, 1.2354682763145435e+001,
       4.3970531810871321e+001, 2.9425894312797574e-001,
       -1.4790011609476899e+001, -2.4789476236868873e+000,
       -3.6392546524726740e+001, 8.0134246920857199e-001,
       -2.0932796661534169e+001, -1.1899901678773412e+000,
       -5.0412867256100100e+001, 7.3602016964710115e-001,
       4.0926754357354476e+000, 1.0431097021381519e+000,
       1.0042992134566694e+001, 9.1582054785790401e-001,
       -1.0597508732508231e+001, 8.3586996532019313e+000,
       3.6186374667328202e+001, 2.8157347485890127e-001,
       -5.4082575370069872e+000, 2.1554873321407371e+000,
       3.7230599263803512e+001, 3.9000847354479368e-001,
       -1.0845831436961675e+000, -8.0410911441583677e-001,
       -4.6400943987742593e+000, 9.2627856531778507e-001,
       9.6347582553701905e+000, -1.1782842922802015e+001,
       5.7464411336840399e+001, 6.7214931757982654e-001,
       5.6153516633084588e-001, -1.3853084390231256e+000,
       5.6024402665713836e+001, 7.1553571972243446e-001,
       2.8335395763713151e+000, 2.0089249241669522e+000,
       1.1068482129541092e+001, 9.2782945221706575e-002,
       -8.9987075995850745e+000, 1.3730264173094358e+001,
       4.6627888856564923e+001, 4.8673163838417072e-001,
       1.8322672225558257e+001, -9.1656551370036397e+000,
       4.4912079596002869e+001, 6.4636495317688547e-001,
       -8.4393956269711468e-001, -3.8769306462787867e+000,
       4.7074068759264954e+001, 1.3056228329037894e-001,
       -1.3555841214281901e+000, -7.9308296578414872e+000,
       3.8287598136826084e+001, 5.0364016640934417e-001,
       -4.4321783518042626e+000, -1.2636871910840640e+001,
       4.1940051415579504e+001, 4.0464844572410968e-001,
       1.4192582926626880e+001, -8.7665610858769867e+000,
       6.7829159619512865e+001, 4.6197936299282538e-001,
       -1.4842599779177532e+000, 6.1594586249951835e+000,
       4.6452797613409928e+001, 3.0825315500837769e-001,
       -1.0085355167237124e+000, 3.7852838354390945e+000,
       3.1939460556100620e+001, 4.4959280469484919e-001,
       5.9910417313960576e+000, -1.1398280831474821e+001,
       5.4663531542640406e+001, 6.3562512961595274e-001,
       -2.1515268641220331e+000, -9.3086877525520464e+000,
       3.3925182986802653e+001, 3.9674875986770974e-001,
       -1.0443138830492078e+001, 8.4718038156370490e+000,
       3.9275954429547909e+001, 2.3388784935045284e-001,
       -1.7454759509313075e+001, -1.1810380188179382e+001,
       5.1833051947494774e+001, 5.7492610713870529e-001,
       -1.5958937092011562e+001, -1.2470875512969812e+001,
       4.7105947720307384e+001, 6.4327437709529411e-001,
       -1.8005566279737906e+001, -4.7165909062954618e+000,
       4.9945862007620946e+001, 5.4990745325624724e-001,
       -1.9681583263370371e+001, 6.7236479796287902e+000,
       5.0803659871524900e+001, 4.1862703112533167e-001,
       -1.5577068057458646e+001, 8.5446950816569611e+000,
       4.6564922477176808e+001, 4.3174188850239686e-001,
       3.0708213134522451e+000, -9.1482697798305441e+000,
       3.7551027859694713e+001, 8.1210998832172954e-001,
       -1.6009441177804323e+001, -3.3447972385494635e+000,
       -4.1890182802537552e+001, 7.0865152431438094e-001,
       4.8605947817045508e-001, -3.5637865199866630e+000,
       5.3809772230988699e+001, 5.6273470272830872e-001,
       -1.2292215304550151e+001, 9.7531546445536641e+000,
       3.9462461381991147e+001, 2.0432005066869330e-001,
       1.6460095831302489e+001, -1.3440845613288442e+001,
       4.2491002914082245e+001, 3.1832493325458844e-001,
       1.3192696143860690e+001, -1.1462453786657704e+001,
       5.0287514329529984e+001, 2.8210677373462256e-001,
       -4.6602937740215129e+000, 2.7562659849024191e+000,
       4.2178085171720284e+001, 2.9428060792118155e-001,
       -1.2308467348653089e+001, -1.0059342536739344e+001,
       4.3945068751908245e+001, 5.2981504838497884e-001,
       -1.3930769554090780e+001, -1.0875049440163204e+001,
       4.8050723845366448e+001, 5.7944177898852356e-001,
       -2.7497571079772580e+000, 9.4927522290739095e+000,
       3.7668345020299000e+001, 2.4926989117122320e-001,
       9.3689636931583546e+000, 1.6672474169933995e+000,
       4.2298811648701886e+001, 3.4257069994383377e-001,
       -1.2435040670901087e+001, -2.9386323598542710e+000,
       4.8062131787640361e+001, 4.1433420056778708e-001,
       -4.1497787147152299e-001, -3.5622421800637181e+000,
       2.8836193355633199e+001, 5.7492111219265052e-001,
       1.1206215140150807e+001, 4.3896052031241144e+000,
       5.3591112794527476e+001, 1.4449503010594031e-001,
       -5.4111384970320264e+000, -6.2963447693396954e+000,
       5.5719315594189865e+001, 6.4197947796005450e-001,
       -5.6274008472652781e+000, -3.1458148488869797e-002,
       4.2451789329500755e+001, 3.6475708079338692e-001,
       -3.9498794338719345e-001, -8.9776917587235303e+000,
       3.0022591445274205e+001, 5.4411689872784441e-001,
       1.1937192467999003e+001, 3.0183739669818035e+000,
       3.4566507110368690e+001, 8.4740189286619594e-001,
       -4.3097657898831587e-001, 5.4296257034370967e+000,
       3.8313464673878300e+001, 6.7636191466007509e-002,
       4.7886310791775042e+000, 7.6550612417979700e+000,
       5.3023913184243270e+001, 6.0350366881200390e-001,
       -1.2287219515361631e+001, 8.2849205666886228e+000,
       3.9322002583827349e+001, 1.8674000460186704e-001,
       -3.7192871218982151e+000, -3.2736124882779745e+000,
       5.3678671622804416e+001, 6.0755765389193450e-001,
       -2.0683496389017910e+000, -8.6245138019022505e-001,
       -7.5513970956808976e+000, 9.2087962670424373e-001,
       -6.1205612762512622e+000, 8.3775000083313813e+000,
       4.0037671623353049e+001, 2.2294156174535279e-001,
       2.0593081262711735e+001, -9.9681369677683023e+000,
       4.9961245654406369e+001, 4.4151979628054044e-001,
       2.8913420382249844e+000, 1.3315767926100394e+001,
       4.7718136673876892e+001, 2.1675461564234477e-001,
       -6.5594617738520054e+000, 5.7266283955374355e+000,
       4.7826510949390240e+001, 8.7876799297401456e-002,
       -1.5948661931336014e+001, 3.4075154218831609e+000,
       6.1940459940809717e+001, 5.5025286114845684e-001,
       5.5170937883756377e-001, 7.1883388234587109e+000,
       4.1572646658140243e+001, 1.2163961589866679e-001,
       -6.8510453905508797e+000, 1.0635916721136855e+001,
       4.6835154451631126e+001, 3.5049497919814537e-001,
       -1.7075584019142916e+001, 1.9686552178363137e+001,
       6.3196643132986182e+001, 6.5681045954809969e-001,
       -6.5883877356467035e+000, 1.4007251560876391e+001,
       4.7185161592309015e+001, 1.9766830476906777e-001,
       -5.7698363826398253e+000, -8.2418396776990976e-002,
       4.3188165971218652e+001, 2.4239678847497512e-001,
       3.3365220350355580e+000, -1.7638018565338033e+001,
       1.0185542608214010e+002, 2.8845426848090516e-001,
       -6.1435496972923245e+000, -1.4889798417038678e+000,
       4.1250221011805245e+001, 3.6565212307748374e-001,
       -1.5069535331611984e+001, 6.5321640045609515e+000,
       4.0362741641776594e+001, 3.3072275493735798e-001,
       -4.9662145852369193e+000, 2.8730248292433687e+000,
       4.2579904331671216e+001, 2.0751782050479203e-001,
       6.6564524199143431e+000, -1.1659859049407256e+001,
       5.1790829584973778e+001, 7.1072160976950227e-001,
       5.8646457813267077e+000, -8.4478762345982190e+000,
       5.4814704228972190e+001, 5.2883524713117580e-001,
       1.2554490969488700e+001, -1.4642645346707237e+000,
       4.3617295852803039e+001, 3.0071834055800034e-001,
       6.2342553154107385e+000, -1.3371262141373641e+001,
       5.4010293367106144e+001, 6.4504895321952782e-001,
       4.9802798322414938e+000, -1.6973671138744464e+001,
       5.6929431996763377e+001, 6.0675316931645573e-001,
       5.0776312145405322e+000, -1.2658321698004649e+001,
       5.9008565327543678e+001, 5.3867971631960976e-001,
       -6.3344040682003708e+000, -1.0121283381133200e+001,
       4.9068416844182238e+001, 4.7457003206898957e-001,
       -7.0904183348559382e+000, -7.6971703513745080e+000,
       4.2864917506085121e+001, 3.2252506399804304e-001,
       -1.8727136259516385e+001, -4.0770861363912339e+000,
       -5.1303557469253917e+001, 8.1765983119393737e-001,
       -6.1114432445215190e+000, -3.1473868507137075e+000,
       4.3174992610128953e+001, 3.3650176944916671e-001,
       1.0638893859281595e+001, -1.1572241160036070e+001,
       5.7837379236236792e+001, 7.2585358890507823e-001,
       -1.8809591371494164e+001, 4.6163854210337512e+000,
       5.4677916717652913e+001, 6.1928667843216756e-001,
       7.9188868523480167e+000, -2.9911623804160694e+000,
       4.4631796544607198e+001, 4.0994649084618490e-001,
       -1.5067983197869859e+001, 6.0214402149208066e+000,
       4.9377882894379752e+001, 3.2147421471285548e-001,
       -1.1672787947656076e+000, -1.9947811460586478e+000,
       3.9005304523439051e+001, 2.9424184884615318e-001,
       -1.9807667293572610e+001, 6.6370436612090167e+000,
       5.3984190837527912e+001, 6.0422721328892526e-001,
       4.8487397841148177e+000, -1.6652060710476441e+001,
       5.5054922147659930e+001, 5.7672331487024941e-001,
       -1.2322843485198788e+001, 6.9485973923840092e+000,
       5.2888453024449298e+001, 3.7679857199796501e-001,
       1.7622087202410945e+001, 5.3626005469149174e+000,
       6.1742119012710539e+001, 2.7447157549027784e-001,
       -1.9713049557625581e+001, 6.8681958993458103e+000,
       4.9808863324651199e+001, 5.2094842214848658e-001,
       -4.4731459573298711e+000, 2.6597889380364990e+000,
       4.9655363543976250e+001, 4.6019051539128941e-001,
       -1.1444025565677649e+001, 8.5252749967475587e+000,
       4.4985076058491558e+001, 3.1826668800168256e-001,
       -1.1285743362471319e+001, -7.5363919868530882e+000,
       -2.7225448191237913e+001, 8.4957633604381444e-001,
       -1.3090238880626140e+001, -6.0236483919218653e+000,
       5.5288244010763016e+001, 6.1507255805378636e-001,
       7.5014394954710841e+000, -1.0698311161212027e+001,
       7.5031372541307917e+001, 3.5530987991952684e-001,
       -2.3200577626145078e+000, -1.5257469581782712e+000,
       -6.8483909907506249e+000, 9.0478831287702977e-001,
       -1.2366017852841324e+000, -6.3986403014416737e+000,
       3.7465364509865495e+001, 1.8511236266652675e-001,
       -1.3816558266184957e+001, 9.8672025502288747e+000,
       4.2790301285910900e+001, 1.8682675832513104e-001,
       -8.7275048227635139e+000, 6.5647389573834962e+000,
       4.0932444551714596e+001, 1.9871627801145791e-001,
       3.5383127732482489e+000, 9.3787624337029811e+000,
       5.4752452580832482e+001, 5.8184524963044204e-001,
       -4.7851892462884571e+000, -1.2544985921403221e+001,
       4.9155745138716355e+001, 5.1459076778172963e-001,
       -4.6562106625646358e+000, -5.3392351754503142e+000,
       3.5088737235172388e+001, 7.0590976068140054e-001,
       -6.6285774361489285e+000, -6.0642908202932357e+000,
       4.0767708098691287e+001, 3.7976087610967674e-001,
       6.7378272425317611e+000, -4.2541998571286666e+000,
       1.9144440205068250e+001, 6.1349436663235238e-002,
       -1.5414719790032706e+001, -8.7151147064440160e+000,
       -3.6414514222453846e+001, 8.1411998722962498e-001,
       1.8434902813246885e+000, 1.1625754293219968e+001,
       4.2911571683752626e+001, 2.8873354234789989e-001,
       -5.1284784938216719e+000, -5.9296365725481104e-001,
       -1.5840025908295326e+001, 9.0752932523395080e-001,
       1.3520073886969962e+001, -1.5201079881826736e+001,
       5.6218376835019363e+001, 1.5147647364558525e-001,
       -6.2068478262385600e+000, 8.4782107182223534e+000,
       4.0566179299287469e+001, 2.0380357176630279e-001,
       -1.3365195359714257e+001, 8.6837735773191618e+000,
       4.5459204058857651e+001, 2.9436362413361578e-001,
       3.9413690456134603e+001, -2.8755429612571000e+000,
       1.1514594365951015e+002, 7.7507455710524664e-001,
       1.7169994173161314e+001, -1.0935621618304189e+001,
       5.0023104836829873e+001, 2.6489067157526264e-001,
       2.4933210678100077e+000, -1.0761712249372607e+001,
       3.9329379924848084e+001, 8.2468680495385194e-001,
       8.2324910416695030e+000, -9.8399892584730555e+000,
       3.5774993896814436e+001, 6.5577349763707427e-001,
       -5.8463594887962484e+000, 1.5252418608525737e+001,
       -7.0450922360836259e+001, 2.3138704101734264e-001,
       -1.8754123230345961e+001, -4.2901671799300667e+000,
       5.2791453569934106e+001, 5.9093355514468249e-001,
       -6.5910357459905420e+000, -5.5864399884788600e+000,
       -1.9923517709445370e+001, 9.0302322416686287e-001,
       1.1502423753397213e+001, 2.9824568599302528e+000,
       4.2859175634424076e+001, 2.7215055552898731e-001,
       8.5334516469067765e+000, -8.6254620540028508e+000,
       3.7477403594038520e+001, 1.5344704299810680e-001,
       -4.2850661034505023e+001, -2.4422179613960907e+001,
       -1.0309323653304297e+002, 6.8196587570846634e-001,
       8.0329814836390803e+000, -2.1518049586139494e+000,
       4.8792265237302828e+001, 4.2304442881904097e-001,
       -2.8092990547959529e+000, 5.9781824457136601e+000,
       3.8424556648636681e+001, 2.5139222463006511e-001,
       -8.7569533641109363e+000, 8.2277452001606513e+000,
       5.1842891231936008e+001, 5.5911006901479676e-001,
       3.2616785315207903e+000, 2.7252888710365073e+000,
       1.1081531862069568e+001, 1.1479702460460853e-001,
       -1.7559139507542017e+001, 9.2056914114814035e+000,
       5.3476435387052462e+001, 4.2324211533764733e-001,
       6.4368010074909083e+000, 7.1775477956411073e+000,
       5.6993904842588890e+001, 4.6609027058572206e-001,
       1.3992198219628886e+001, -1.7660764435704024e+001,
       8.5275994241440401e+001, 3.3501033176733630e-001,
       -1.4344190086932528e+001, -7.2752186975436537e+000,
       3.9148848543607819e+001, 3.9324136740326937e-001,
       -1.3735234661899314e+001, 9.0573101092432662e+000,
       4.0643823700655574e+001, 2.8959471033540435e-001,
       1.8136992347454601e+001, 1.2922817362881950e+001,
       5.0735408987424307e+001, 8.5517033409227317e-001,
       -1.3685453362733469e+001, -3.9892560042821215e+000,
       5.1235322396010218e+001, 4.2507736065365381e-001,
       -1.4077141822296422e+001, -9.8904993375043500e+000,
       4.5600468295424797e+001, 5.8716143442966051e-001,
       -2.1527081789296618e+000, -1.0029240355870183e+001,
       4.2389589755670329e+001, 1.7284528003223673e-001,
       1.0431104593255233e+001, 7.3958672444318925e+000,
       4.0133762008595482e+001, 3.1882834647420355e-001,
       -1.1569591535659466e+001, -8.0948572827513523e+000,
       4.4796437549242931e+001, 5.8657970364046641e-001,
       -1.1220777060542595e+001, -4.4078528860688397e+000,
       5.1535159811781753e+001, 3.6998868151000130e-001,
       6.4830680917540962e+000, 8.6387503290330123e+000,
       4.9560799478945896e+001, 5.6651226564705148e-001,
       -1.4590142213936215e+001, 7.4481426212173876e+000,
       4.6825520905646087e+001, 3.6964379931339536e-001,
       -1.1460814812100303e+001, 2.0051356762877428e+000,
       5.2925806707777888e+001, 6.4373912769648911e-001,
       -4.4365106672093972e+000, -4.8416411436358846e+000,
       -1.6555891037647275e+001, 9.2770290753822049e-001,
       -1.6756247408209347e+001, 1.6529966715908749e+001,
       5.9535537056268808e+001, 5.7631819818775576e-001,
       -4.4902248065096328e+000, 2.1825694246370171e+000,
       3.8953113147248835e+001, 2.1799067565092201e-001,
       -4.4007826223522317e-001, -1.6872394841993057e+000,
       3.4443163334340284e+001, 9.9950491838656758e-002,
       -1.4656170813837232e+001, 5.6733210836234804e-001,
       -3.4137886504590504e+001, 8.1794518231132562e-001,
       -1.5837489481387652e+000, -9.2228195389019820e+000,
       4.1062461567786357e+001, 4.0799912616005601e-001,
       -1.2469742571527902e+001, 3.7148574069071039e+000,
       5.4037158393592136e+001, 4.5735569711649054e-001,
       9.0132574084398165e+000, 7.4866343679836262e+000,
       6.6608421587798006e+001, 3.9829612236590478e-001,
       1.7550506627049067e+001, -3.1335543671674975e+000,
       5.1732973199783842e+001, 5.8267433816034753e-001,
       -1.5456982325567420e+001, -8.2343969464443791e+000,
       5.0552774569322224e+001, 5.0043971325731906e-001,
       -2.1900934347776677e+000, 6.6378172501824864e+000,
       4.5111330042242393e+001, 5.0409170703998474e-001,
       -9.8808867850393920e+000, 6.9138527974825843e+000,
       4.6951220706919301e+001, 3.3843304822955739e-001,
       -5.6264659493755094e+000, 8.5862726025552281e+000,
       4.0146802325671345e+001, 2.4711791658664770e-001,
       -6.1736519347366245e+000, -3.4828753062614028e+000,
       4.0580424753723364e+001, 3.7572818189204715e-001,
       6.5309846608360722e+000, 7.9566502995201525e+000,
       4.9142945878247254e+001, 5.8478200447786932e-001,
       -8.2083350996692772e+000, -1.3043492161719211e+001,
       5.1383409896444320e+001, 4.3823609444988454e-001,
       -1.1538915179790237e+001, -2.5830808739838620e+000,
       4.7880648912184498e+001, 4.4871037774477013e-001,
       -1.5428191921293042e+001, 8.2892697033872516e+000,
       4.1256357272528000e+001, 3.6133215624547055e-001,
       -1.8012866933258497e+001, -2.0468002215780130e+000,
       -4.3852543668883072e+001, 7.8496431421566704e-001,
       -1.9222168453059592e+000, 9.3297099607268699e+000,
       3.9061398577656817e+001, 2.5096866167505316e-001,
       7.5620809714532626e+000, -1.1335794026443434e+001,
       4.8019710245814693e+001, 7.7613066095418437e-001,
       -7.9562659646875975e+000, -1.0947131178766092e+000,
       3.2383779378799829e+001, 7.7510837105417463e-001,
       -1.2955328880849109e+001, -1.0736937439911802e+001,
       3.6507581533668969e+001, 7.1856335525698289e-001,
       -8.0450705161864384e+000, -6.3665389923983815e+000,
       -2.1825860975536990e+001, 8.9195383220288327e-001,
       -1.5427285522511108e+001, 2.4091651017616491e+000,
       4.1350946986121912e+001, 5.7666850273994874e-001,
       -3.1444922324249105e+000, 4.1667320130906091e+000,
       3.6020505391721485e+001, 4.6578806793350563e-001,
       3.8715938363933029e+000, -1.5562731159043615e+000,
       2.9365331328470159e+001, 8.6988262419067575e-001,
       6.5653302314301385e+000, 2.1548417987979532e-001,
       4.1317769813855911e+001, 6.7244035895714371e-001,
       -1.4921802041897390e+001, 3.3440601576309931e-001,
       6.0654461899074924e+001, 5.0978078193140863e-001,
       -5.1540284602597408e-001, 9.0034084906839080e+000,
       3.6253373581187425e+001, 1.5364049190066875e-001,
       -6.4472357634146018e+000, 2.5577590241895969e+000,
       4.4439313780369332e+001, 4.4827096621259538e-001,
       -1.6773862967287393e+001, 6.4040556256815524e+000,
       4.6946895677680061e+001, 5.3132299764873014e-001,
       -7.1016935932837910e+000, 1.0662431082662193e+001,
       4.5534907177028991e+001, 3.2969017572041082e-001,
       -4.6444415552413147e+000, -1.2747475606525747e+001,
       4.4803867420794525e+001, 5.2807465010752763e-001,
       -1.0382861635394992e+001, 7.4873755153023085e+000,
       4.3771077999156290e+001, 2.9311654227222989e-001,
       -1.1325711906929932e+001, 2.6488841021587168e+000,
       5.6547113122284962e+001, 5.2581105587822830e-001,
       1.0248747220866704e+001, -2.1121746746007841e+000,
       4.5792476652107268e+001, 3.8207848945201944e-001,
       -3.3325916005900238e+000, -2.1135851377365285e+000,
       -9.7360960292111685e+000, 9.0907504900547109e-001,
       1.4573158337470066e+001, -1.3212874154953738e+001,
       4.6815660466969206e+001, 3.8392508801940950e-001,
       -3.8814347526304731e+000, -1.1546748763444491e+001,
       3.8982140888374310e+001, 2.6641728737769754e-001,
       1.3614049052155735e+001, -9.1395928319269686e+000,
       3.9488629807759409e+001, 3.7475224069591828e-001,
       -2.7336324574211819e+000, -6.2882608246625145e+000,
       3.9913356146486990e+001, 5.1476347955844592e-001,
       -6.1050538864421551e+000, -5.9275003339511620e+000,
       5.4286823666828226e+001, 5.5499035419011578e-001,
       9.6004340910415493e+000, 1.2671754179447737e+001,
       4.0574840654070620e+001, 2.8063454596420145e-001,
       -5.8872892217875812e+000, 6.5646546615788615e-001,
       3.5749387055019739e+001, 5.1447429924079058e-001,
       1.0201288892145962e+001, 7.0841270544194384e+000,
       3.4540024364644324e+001, 5.1110037274855280e-001,
       -2.2438541795839178e+001, -1.9097947836999557e-001,
       5.9374418699691148e+001, 6.4006238213250677e-001,
       -1.0517114704661786e+001, 7.7299404578265021e+000,
       3.5674560971684357e+001, 2.4098806191841968e-001,
       -5.9706617155492321e+000, -1.9955982110075343e+000,
       4.1698687069754904e+001, 3.3384781460622298e-001,
       -1.3043839530947194e+001, 4.9382347669846460e-001,
       -3.1754354868258645e+001, 8.0389523834891408e-001,
       1.2374083577193193e+001, -1.0029956952302950e+001,
       4.2500009498397048e+001, 4.8648074252452417e-001,
       9.0533092013133505e+000, 2.2605109329332687e-001,
       4.8473837672916488e+001, 3.0036383144291057e-001,
       -4.5897894993210695e+000, -5.6132056050137216e+000,
       3.2851700857246882e+001, 5.1979286856054419e-001,
       -8.2050942304950958e+000, 1.1388004244691867e+001,
       4.5793494620551655e+001, 2.4997321720271254e-001,
       -1.2288286214795825e+001, 6.6820087450259340e+000,
       4.7233610000660804e+001, 3.9692953088645916e-001,
       -1.3961793513488971e+001, -4.9586687150343494e+000,
       5.5544945295551926e+001, 6.1526872359931406e-001,
       -3.2207423044449417e+000, -1.0251638118403100e+001,
       3.7636823730803840e+001, 2.2874192726137380e-001,
       4.5014628055874555e+000, -1.8005821683658496e+001,
       6.2919747406568604e+001, 4.7062443570473322e-001,
       -5.8014942664456921e+000, 1.7657252101774343e+000,
       4.2310046222510337e+001, 2.6630627678066454e-001,
       9.5302438770111806e+000, -4.1290204166911675e+000,
       4.6589669173507758e+001, 3.1092794327484452e-001,
       -5.7521955199116857e+000, 8.4716075992670987e+000,
       4.1548826462120331e+001, 3.0139899884381921e-001,
       -5.0749128360477425e+000, 1.7979848725797272e+000,
       3.9306007084152242e+001, 3.2094463539179335e-001,
       -6.4254023790074397e+000, -4.4234704331443879e+000,
       -1.7434411124053376e+001, 8.9373636474345164e-001,
       -2.0700684557469934e+001, -2.8487263251917727e+000,
       5.5577483419917961e+001, 5.9821855301493521e-001,
       -5.3002153700554056e+000, 1.1520264989914214e+001,
       3.8479984057984758e+001, 3.9557799048601078e-001,
       -1.6392075089844006e+001, 5.9957750607887235e+000,
       4.7972604570781655e+001, 5.0608255638117505e-001,
       -3.0451085907629682e+000, -1.1194682130928653e+000,
       4.3953665807123144e+001, 4.5500809429260070e-001,
       -4.1480993686240755e+000, 4.9593197494803096e+000,
       3.5452409918573849e+001, 4.9816445045713048e-001,
       -3.1621795452898205e+001, 1.0839138149206850e+001,
       1.0359101762604274e+002, 5.5061868770400657e-001,
       -2.0501499469396720e+001, 3.3910189983412233e+000,
       6.7782542967321405e+001, 6.0387051218930221e-001,
       -4.2641319089132418e-001, 7.9158134477111552e+000,
       3.1682363259703870e+001, 2.3745703840460231e-001,
       -1.7297135324905053e+001, 6.2661310271589388e+000,
       5.7078709354599916e+001, 5.8182944146835969e-001,
       -1.4565524249915255e+001, 5.9963012051622311e-001,
       -3.5433682507342482e+001, 8.3321250107096057e-001,
       -1.1941777191267260e+001, -2.4864055696154201e+000,
       4.4128927217200015e+001, 4.2618246161282547e-001,
       -7.4979618404710031e+000, 1.1445371203600015e+001,
       4.1647991340749350e+001, 2.6228915374785605e-001,
       7.2435262564832090e+000, -2.6930521240586760e+000,
       4.4016682569095074e+001, 4.7027332786651638e-001,
       4.7630315542328781e+000, 8.3463915593063192e+000,
       4.3855905543317391e+001, 7.8673666118180219e-001,
       -1.0304651945162346e+001, 6.8242984938215212e+000,
       4.4216584707857834e+001, 3.1028932962580474e-001,
       -9.8200218297698214e+000, 5.8058602341205523e+000,
       4.2204980633265663e+001, 2.8465722111118136e-001,
       -4.3728569358593781e+000, 1.0565978593400892e+001,
       4.0060713740412396e+001, 2.7533798982605762e-001,
       4.3451187913759313e+000, -1.6452596590013712e+001,
       5.2264039708259737e+001, 6.5991558478307888e-001,
       -5.1929437076331642e+000, 4.8777311967390631e+000,
       1.8112199959313699e+001, 2.3688393906506891e-001,
       8.3201376097763973e+000, 5.6730427768916760e+000,
       4.3020786972466468e+001, 2.6280780854220992e-001,
       8.2228807583487722e+000, 1.1969273564174898e+001,
       3.7116295939985150e+001, 3.2770397492804781e-001,
       -6.7323037775382018e+000, 8.8799395618191461e+000,
       4.4437798184766265e+001, 2.3478550841679799e-001,
       4.5967351917031785e+000, 9.2996690454638902e+000,
       5.5787788568418236e+001, 5.7120445133126663e-001,
       -1.3263318126829077e+001, 6.8228156696097280e+000,
       4.6887809881605996e+001, 4.1737541680381052e-001,
       -4.5404988229647305e+000, -1.1085638150432924e+001,
       4.6674288451451446e+001, 5.5201533982565376e-001,
       -1.4420862189241284e+000, -5.0070101070816158e+000,
       3.4673796916663576e+001, 3.6056230144684659e-001,
       -8.6675223523949896e+000, -1.2189983331662020e+001,
       4.1813492486400015e+001, 4.0380735906130594e-001,
       8.1508423844664648e+000, 8.6052294599589061e+000,
       4.2395059086365890e+001, 8.6087827249281657e-002,
       8.6094095284315166e+000, 1.1867147577855096e+001,
       3.6844043521463348e+001, 3.1151485186837624e-001,
       1.2402661929413956e+001, -2.1799938788138720e+000,
       4.7129271653498932e+001, 2.4311206142351863e-001,
       -4.2307079521754931e-001, 3.8958083537202661e+000,
       3.6773813823874860e+001, 2.2917040403544370e-001,
       -1.5185999276999510e+001, 9.0609111110736205e+000,
       5.2803566044004114e+001, 3.5035511394698343e-001,
       -1.5912073111785066e+001, -1.5792608305025420e+001,
       5.1098718214888876e+001, 5.2502008076830164e-001,
       7.4694889470276422e+000, -4.0145741690058345e-001,
       4.8378232006041969e+001, 5.9828287292626292e-001,
       -1.2363075343236178e+000, -3.4553133965493948e-001,
       -3.9736611531041923e+000, 8.8621865249850462e-001,
       1.7948289345990904e+001, -1.7756407273511819e+001,
       5.6561548120617019e+001, 3.3131783125962361e-001,
       8.7937542473422639e+000, -4.1837767195849356e+000,
       4.0161791877149454e+001, 6.0117000898915951e-001,
       -1.7387212002577172e+001, -5.1427577714554715e+000,
       5.1295815975499281e+001, 6.5561114787521946e-001,
       -1.0071840712930936e+001, 3.6359570802495882e+000,
       4.8303638803211442e+001, 3.9513559171122781e-001,
       -1.2761891731475035e+000, 9.2153258585533457e+000,
       4.0220267843505468e+001, 1.0922721935502118e-001,
       -2.9601089274548844e+000, -1.6851347520430933e+000,
       -8.8678011776939769e+000, 9.0744852704577983e-001,
       -1.8498180020014804e+001, 4.8647389328828545e+000,
       5.1990950726451132e+001, 6.4543730030601509e-001,
       4.9273262764867809e+000, 1.3697872018362782e+001,
       4.4652134394049504e+001, 2.6738328809747319e-001,
       -1.2269040984698441e+001, -8.7303483873399088e+000,
       -3.0761922854460185e+001, 8.4554211446424232e-001,
       2.7465724853587798e+000, -1.2615974108886959e+001,
       4.6092091216618989e+001, 6.7317189542978373e-001,
       -1.4088335085348996e+001, -1.2638531903967586e+001,
       4.6612820622271840e+001, 5.8548036595774533e-001,
       6.5261289352267502e+000, 3.5501986204306197e+000,
       4.2010141225757984e+001, 3.8043491065671042e-001,
       -1.8176682135493067e+001, -1.0721636136463808e+000,
       5.9724738205387986e+001, 3.2627408277259939e-001,
       -3.9503384256261753e-001, -3.1829404883379624e+000,
       2.4508567370991454e+001, 6.0711645536197872e-002,
       -6.7850068980166824e+000, -3.9823517554829371e+000,
       3.9271718270145456e+001, 5.4150780138211041e-001,
       -6.4131684709465357e+000, 1.0852550383088285e+001,
       3.7009843020285260e+001, 3.4903592369314607e-001,
       3.7746059056100414e+000, 1.0870676876967984e+001,
       4.2076252547206543e+001, 2.1044250424438898e-001,
       -4.7472377990893397e+000, 1.1919051506450710e+001,
       3.8730415106966376e+001, 1.0489253494438973e-001,
       4.6750192841046792e+000, -9.2678554229524472e+000,
       3.1127562308373399e+001, 9.0789596327705002e-001,
       5.5684194409398557e+000, 8.9547175761663453e+000,
       5.4955915698957718e+001, 5.7037527840873448e-001,
       -8.5262813674308049e+000, 9.0909436818280227e+000,
       4.0537852985539317e+001, 3.9366724767607564e-001,
       -1.0034126308441492e+001, 3.3666012692486120e+000,
       3.2917974736732617e+001, 2.5641378808201765e-001,
       -1.4875043006009184e+001, -1.1921804597605590e+001,
       4.0412736776225401e+001, 4.8492982797272305e-001,
       -8.8547093671274482e+000, -2.0154343870416964e+000,
       4.9377835146841647e+001, 4.4513380809824898e-001,
       -1.6362813890289701e+001, 1.0578061934514205e+000,
       -3.8818402041001406e+001, 8.2866206624053640e-001,
       7.2251032532215156e+000, -3.7811274678718720e-001,
       4.6652766416373538e+001, 6.2068738124462441e-001,
       1.1453915954091151e+001, 5.3773121534772184e+000,
       3.3514935865764812e+001, 5.1123950701413901e-001,
       -1.1810718939768425e+000, -4.2300129264821207e+000,
       2.9661888563556396e+001, 4.5193808774656985e-001,
       9.5800625811174349e+000, -1.2481544139756210e+001,
       4.8817024902681837e+001, 7.0239511278863598e-001,
       -1.0619967718921506e+001, -2.4178164794329138e-001,
       5.9296042401162147e+001, 4.8637051207148668e-001,
       -3.3171558662414014e+000, 5.1914204392180778e+000,
       4.8061821477822392e+001, 2.0063841499080431e-001,
       1.0919687369785001e+001, -2.4893232934008992e+001,
       7.8171254407923215e+001, 5.8182193362661783e-001,
       1.6145664051885387e+001, -1.6381858712498214e+001,
       7.0945665468119941e+001, 1.8403535337391341e-001,
       -1.8244187420779774e+001, 1.7098492088346532e+001,
       6.4204686530454779e+001, 7.2662185156617987e-001,
       -7.1462710612584033e+000, -1.4165445208245044e+001,
       5.8681354883729384e+001, 5.1538181348113943e-001,
       1.2387220518680937e+000, 1.1169630478722105e+001,
       4.1721331478835388e+001, 2.5647416556900315e-001,
       5.2626480495941372e+000, -1.4688985971566495e+001,
       5.5968061613008430e+001, 5.1656559602743390e-001,
       -3.9100170515389014e+000, 5.7485101078885155e+000,
       3.7915206542552454e+001, 4.1971492156178736e-001,
       -1.0346893879709237e+001, 1.0888790206762438e+001,
       5.8885344075353075e+001, 5.2769656915332974e-001,
       -1.8446297992181602e+001, -3.4942659105282843e+000,
       4.9060203189498537e+001, 5.9326960744069968e-001,
       -6.0872555316721595e+000, 8.6422213532922463e+000,
       3.9051316769426393e+001, 2.4525060430495108e-001,
       1.2144680733954663e+001, -1.4224227738912919e+001,
       4.6593651836577266e+001, 4.6222566799829989e-001,
       2.1968745112987209e+000, 4.2069924010504636e+000,
       4.4268492595815736e+001, 1.5480912511123399e-001,
       4.0659217326013479e+000, 9.0909803086710781e+000,
       4.6536998853063615e+001, 7.1959774645297692e-001,
       3.7971588698059264e+000, -1.5366658792982165e+001,
       5.0747189910884707e+001, 5.1550218348761190e-001,
       5.4577333260972249e+000, -1.8114810857475220e+001,
       7.3556566938680447e+001, 4.7945922236572974e-001,
       -1.6695523199252104e+001, 1.5543471147088141e+000,
       6.2008234401106890e+001, 6.0167435670785696e-001,
       -4.2908954258609100e+000, 2.9435607739950158e+000,
       4.0147212489443163e+001, 3.3576641879371594e-001,
       2.5122509890199733e+000, -8.5911763164520298e+000,
       3.0262220601551434e+001, 8.8131068180286176e-001,
       -1.6116755873747280e+001, -9.6986277508772503e+000,
       4.1632196035770512e+001, 5.0015298782908846e-001,
       -3.0534473588857245e+000, 1.1263231359804056e+001,
       3.7640183422286867e+001, 2.6936501903424853e-001,
       5.4946788377786433e+000, -2.7702864638123059e+000,
       4.8210038038209447e+001, 6.0577949814718779e-001,
       3.8502100188565178e+000, 1.1000891188014322e+001,
       3.7127999451700930e+001, 2.5535964328179078e-001,
       1.0612910338224211e+000, -3.3559840412478064e+000,
       5.7295831692226791e+001, 3.4609915258843843e-001,
       -1.7946344495538483e+001, -4.6758561748186711e+000,
       4.7693231046997489e+001, 6.6834303662383998e-001,
       3.8736211769489302e+000, 1.0127047690785469e+001,
       4.9962630334098577e+001, 6.5000064365038535e-001,
       -1.7911361159790438e+001, -3.7153150924724674e+000,
       4.8464556499165269e+001, 6.2667010197924189e-001,
       3.7509903270183211e+000, 9.7442593604557128e+000,
       5.6922929261969927e+001, 7.0423993769702486e-001,
       -4.6741109876493478e+000, -7.9591735996920820e-001,
       -1.5119911611071835e+001, 9.0674440277389856e-001,
       -5.4149472248389348e+000, -8.3036468604056335e+000,
       4.8203605447746497e+001, 4.4639719034258718e-001,
       -5.5428663620770227e+000, 4.3765905663707567e+000,
       7.6900374527499594e+001, 3.9986003660981417e-001,
       -2.9727989667697599e+001, -5.6628693461035153e+000,
       -9.8323243484003029e+001, 8.8335090681191841e-001,
       3.5497760341338989e+000, 4.9671362525053322e+000,
       3.8642546679142569e+001, 7.9700747441482478e-001,
       3.7912723216134783e+000, -3.9602459822476932e-001,
       -2.2336372725976311e+001, 2.2741070643076211e-001,
       -1.5535933001953641e+001, -6.9971579123106320e+000,
       5.2470628186967531e+001, 6.0138956534623123e-001,
       -1.8330486644556949e+001, -1.1028275260013800e+001,
       5.4891953552345299e+001, 6.5124649102883925e-001,
       -1.7508799033443714e+000, 3.8291070883619929e+000,
       4.2773582032264279e+001, 1.3200397049124851e-001,
       -1.0783025271373791e+001, -2.6457320545618463e+000,
       4.4660809820629829e+001, 5.1962324303296081e-001,
       -1.1409426528468002e+001, 7.2596948085962012e+000,
       5.6903608050970576e+001, 3.9815233031355007e-001,
       3.4234358862451869e-001, -3.5806175378586269e-003,
       5.0037881143186532e+001, 5.2468426501080478e-001,
       -6.7605164745471660e+000, 1.0455893465009456e+001,
       4.2899325680093483e+001, 2.6642040648102744e-001,
       -1.8216990174756688e+001, -3.4574269966236129e+000,
       5.4963420144352682e+001, 6.0270206234929713e-001,
       -3.4801646945134845e-001, 2.8476505965339460e-002,
       5.3980127913162015e+000, 1.6503437465251014e-002,
       5.0162337050943928e-001, 1.2819813079994522e+000,
       -5.0017584241234241e+000, 3.1726570963397385e-002,
       7.2487639349722865e+000, 5.0636036680371124e+000,
       4.8553215008882731e+001, 3.0329993030256375e-001,
       8.6360929931922445e+000, 4.2396359999232027e+000,
       4.4979585339637765e+001, 3.5948089679303469e-001,
       9.3330602489096144e+000, -8.3276411892703828e-001,
       4.6597184372003213e+001, 3.9532277563170554e-001,
       -5.1121371155889639e+000, -1.1377853198034188e+001,
       4.0601608394898086e+001, 2.9122966117231242e-001,
       1.0965765774421122e+001, -3.9361760378006991e+000,
       3.8051810880503730e+001, 4.4334406761773393e-001,
       9.9878280085999995e+002, 6.7684728406452882e+002,
       2.4001828735425861e+003, 7.7274469614744401e-001,
       -1.9734953855739356e+001, -2.6270751098697138e+000,
       6.5842675035672613e+001, 4.3602762223488573e-001,
       -6.7600841223266226e+000, 6.1191123674117929e+000,
       3.6514877161587215e+001, 1.7964222468055058e-001,
       1.0344987080298871e+001, -3.5546585919287477e+000,
       4.9931330431251446e+001, 4.5054758049558746e-001,
       -5.5071543756761780e+000, 1.4191778344224662e+001,
       4.7149671133545830e+001, 2.8342135994354228e-001,
       5.7879940427828558e+000, 1.1558396982281277e+001,
       4.2008923037621344e+001, 2.6639751451478783e-001,
       -1.1996022476337856e+001, -6.1392685221005880e+000,
       5.5836421320019596e+001, 5.2199993193533811e-001,
       5.3379879176595946e+000, 2.5014631996386694e+000,
       1.1929080337875117e+001, 8.9319551394299446e-001,
       -5.8194090396417728e+000, -1.1040799302194164e+000,
       -1.4557285024919537e+001, 8.6276954984221288e-001,
       8.9872542278798342e+000, 6.6136516880834293e+000,
       4.3964266508875568e+001, 2.5884850522431629e-001,
       1.1492646779455379e+001, -1.0425986468783972e+001,
       5.5830077538682588e+001, 6.3306948923059947e-001,
       -7.0723928089135013e+000, 1.0754894102496667e+001,
       4.1907150326208338e+001, 2.3382992852990808e-001,
       -8.2528238109780028e-001, 1.0295645889325777e+000,
       8.2080159527478891e+000, 3.4389322989403420e-002,
       4.8830554082665918e+000, 4.4374458421588159e+000,
       6.8311691005206484e+001, 7.8831431182727951e-001,
       7.7377357722689610e-001, -4.8792532435980446e-002,
       3.1842868387009586e+000, 9.8500528962202216e-001,
       -5.4913083041472852e+000, -1.0616030068692911e+001,
       5.5957117666028495e+001, 5.1759281769325793e-001,
       -2.3359037818419715e+001, -4.9288140334960868e+000,
       6.2232831117241709e+001, 7.0822710663816890e-001,
       -7.5855335753326969e+000, 8.0412140226536355e+000,
       4.0413627775649466e+001, 2.4681336930434636e-001,
       7.1285776296465275e-001, 3.5710582369728694e-001,
       -1.3901135224498171e+000, 9.9924761434409737e-001,
       -8.1307832229528589e+000, -1.2172279545065294e+001,
       4.4800153745121634e+001, 1.2350606045281003e-001,
       1.1498891192943500e+001, -3.7449033533265292e+000,
       5.1410651357224161e+001, 3.0474800526800633e-001,
       1.3225698323527501e+001, 4.2166428743422768e-001,
       3.8238450906177512e+001, 7.9167638652640449e-001,
       -3.1991097515006448e+000, -3.8771606110945589e+000,
       -1.2537394569931188e+001, 9.4092409259308085e-001,
       8.5955271145085099e+000, -1.8090692470231744e+001,
       6.7619972285682167e+001, 5.4941760866173528e-001,
       4.5285910539812484e+000, 7.7748950921163509e+000,
       3.9238495999811107e+001, 6.0501581798064108e-001,
       1.0469203723735143e+000, -4.3112822921135603e+000,
       1.5002353482639490e+001, 5.9438388703608541e-002,
       -1.6289051702990662e+001, -8.7950707610687822e+000,
       4.6980006737000807e+001, 5.0907696711563233e-001,
       -1.4842580418387907e+001, -4.2038462631757998e+000,
       5.3229376104448647e+001, 3.1396659818939071e-001,
       -2.1999008867797748e+001, 3.7287084650446785e+000,
       5.8552505721111260e+001, 5.3527537233017963e-001,
       -3.4762178836302731e+000, -8.0003584506989231e-002,
       -9.7798742614543954e+000, 6.6205690174350462e-002,
       -6.9193364850371832e+000, 8.9694694678831901e+000,
       3.9082291840307008e+001, 3.8152652649118202e-001,
       -6.4187038915944239e+000, -2.0864695773662572e+000,
       3.9328878446550846e+001, 4.3899948855077953e-001,
       1.0193764950763006e+001, 1.1427418960130865e+001,
       3.8221178495334286e+001, 2.4306476597635455e-002,
       1.4943696885507688e+001, 9.6716014407516937e+000,
       5.0180557889612565e+001, 3.9023904271850179e-001,
       -1.8981523376170188e+001, 1.2551564004481364e+001,
       5.4081684585233056e+001, 2.6778677267343820e-001,
       1.0921493949899093e+001, 1.0532440037681017e+001,
       4.3902837445815706e+001, 1.7940829091998647e-001,
       2.9239744739529838e+000, 1.0206563336929204e+001,
       4.5331251906756350e+001, 4.7234071728038468e-001,
       6.8265361302719025e+000, -1.0436120694235200e+001,
       3.6199744391993498e+001, 7.9450356421131985e-001,
       -1.3524107841359047e+001, -1.1612377520309130e+001,
       4.0214235320178830e+001, 7.5002392417345187e-001,
       -9.1966252376856517e+000, -8.9122320012390013e+000,
       -3.0656052771055982e+001, 8.9013951863411833e-001,
       -1.7453418805994853e-001, 3.4355971319885361e+000,
       1.1928700067431034e+001, 4.3262467699678155e-002,
       -2.4059837050189929e+000, -9.1644001437563738e-001,
       4.5430827400932856e+001, 3.1676701821743891e-001,
       -9.8125658446406341e+000, -5.9481791165134208e+000,
       4.8818719186629053e+001, 5.8101328967907750e-001,
       -9.8811374378583512e+000, 1.0688074126445532e+001,
       4.5923822224871302e+001, 3.0792481109596881e-001,
       5.7181768447703192e+000, 6.0085385603372297e+000,
       8.0539591076334460e+001, 2.7598055818449868e-001,
       6.9554476072565787e+000, 7.3246236456458931e+000,
       5.2434219071570453e+001, 6.5583705656577418e-001,
       -6.3952312181675053e-001, 1.3143231342779242e+000,
       4.7113207587228523e+000, 4.4128628072668480e-003,
       -5.1751936001742624e+000, -7.6143471306458892e+000,
       3.4419821579657949e+001, 6.2799184700371169e-001,
       2.0306363840465749e+000, 1.4365965421023164e+001,
       4.5414227968146051e+001, 3.0692316371735651e-001,
       -1.7423791409926595e-001, -1.1155646842853533e+000,
       -3.8923088906836543e+000, 5.0925358452822901e-002,
       -2.1624826668215846e+001, -2.7529919900323733e+001,
       1.0077423847364616e+002, 3.2915426791434538e-001,
       -7.2884562249982290e+000, 1.1097215660764746e+001,
       3.7654103056621125e+001, 3.8494127914073512e-001,
       -2.1545583950441660e+001, -2.2987457425414464e+000,
       -6.4153584917734804e+001, 7.7252873057522009e-001,
       -1.2797294962375506e+001, 1.8016152248013531e+000,
       3.9643933125158377e+001, 2.9286214042724340e-001,
       6.0481158203677365e+000, -1.7883451475243721e+000,
       2.0996638613807757e+001, 2.3202808058241392e-001,
       9.2797041992568161e+000, -1.0226723125154367e+001,
       3.3181372563672667e+001, 3.0873282240105265e-001,
       -1.6480180663598013e+001, -1.1315031772001722e+001,
       4.6556561497831481e+001, 6.7626134445693253e-001,
       -1.0629397928362550e+001, -3.7491252531759094e+000,
       4.7905235020062520e+001, 3.7364932631046088e-001,
       -1.0524708021798249e+001, 5.7335519727744018e+000,
       5.0377178232107710e+001, 3.6107788682877479e-001,
       -3.3439155792646451e+000, -5.6600622123752897e-001,
       1.1527274281601340e+001, 1.0944155098841640e-001,
       -8.2318086489926330e+000, -8.2831960302984466e+000,
       3.6474176180173501e+001, 5.9116431033007544e-001,
       -4.7784609733408017e+000, -5.6465289555528297e+000,
       5.9198820860062952e+001, 6.6304527740183206e-001,
       1.0387291728631439e+001, 7.8892433417128851e+000,
       -2.6503743006113879e+001, 2.7272806815503731e-001,
       -1.4291299166659032e+001, -4.1181081285798591e+000,
       3.9285228415185827e+001, 5.2112151000726592e-001,
       -1.8322522504909323e+001, 5.3510273907110149e+000,
       4.9702360190448573e+001, 5.4355783337163810e-001,
       -1.3754621951788488e+000, -2.0966870674078389e-001,
       6.1249209663093236e+000, 6.4063652312474739e-002,
       1.0628038882208415e+000, 6.2170044150322088e+000,
       2.1703769730292763e+001, 8.0167158277996975e-002,
       -1.7439663297881822e+001, -1.7881656086865130e+000,
       4.6211039294551327e+001, 2.7225642773454928e-001,
       5.1009199342461753e-001, -1.7479405347190500e+001,
       5.4882173829084579e+001, 8.3524086587650415e-001,
       5.6603462511745821e+000, 1.2471059643527710e+001,
       5.0680262547804411e+001, 7.9116393776619642e-001,
       -9.6499811083541009e-001, 1.0071079927805973e+000,
       3.8649223313971056e+001, 2.8497098854356423e-001,
       -1.7964215687684948e+001, -4.5643243982183970e+000,
       -4.2242975541126754e+001, 7.7934042462658915e-001,
       6.1254766262625793e-001, -7.4788885535401111e+000,
       4.3230829490155934e+001, 9.7958692834083927e-002,
       -6.9030780583665130e-001, -7.6519817800579437e-001,
       -2.8269621280913748e+000, 9.0771506519437384e-001,
       -1.8468117594308460e+001, 4.9042231965834180e+000,
       7.0717231344113969e+001, 2.2353441202523128e-001,
       8.8548265951016329e+000, 1.1433200739271255e+001,
       4.2197274252802870e+001, 1.0469067546233604e-001,
       -7.7424917856653916e+000, -1.3912834799008893e+000,
       2.4412592712136842e+001, 9.2594658620641768e-001,
       -1.2967271269387420e-001, 8.1009608369158794e+000,
       4.7483769844778394e+001, 2.5829992223025072e-001 ]
